0.0000 1652.5718 6.3175 
0.0000 -10.0000 4.1018 
0.0000 0.0095 4.2445 
0.0000 67.6225 2.1813 
0.0000 17.1385 2.2683 
0.0000 69.8993 1.4111 
0.0000 0.0680 3.0541 
0.0000 0.0239 3.8839 
0.0000 -10.0000 0.0291 
0.0000 -10.0000 0.3035 
0.0000 33.7220 4.7766 
0.0000 4.6954 0.8456 
0.0000 105.5836 2.4461 
0.0000 1.1506 2.4106 
0.0000 0.2354 1.8516 
0.0000 -10.0000 4.1322 
0.0000 170.3603 2.7946 
0.0000 0.2402 4.8477 
0.0000 -10.0000 3.3511 
0.0000 1.4253 6.8698 
0.0000 -10.0000 1.8055 
0.0000 0.0571 5.1742 
0.0000 0.0372 5.4580 
0.0000 13.5500 1.1729 
0.0000 188.1313 1.8912 
0.0000 2.6230 4.9384 
0.0000 0.0031 4.6909 
0.0000 2.7926 3.6334 
0.0000 -10.0000 6.8063 
0.0000 0.1129 1.7912 
0.0000 2.6368 2.5890 
0.0000 -10.0000 1.7570 
0.0000 12.8510 2.3651 
0.0000 318.8165 5.5829 
0.0000 -10.0000 2.5293 
0.0000 0.5429 0.8719 
0.0000 -10.0000 2.7527 
0.0000 -10.0000 0.8144 
0.0000 0.0004 1.4705 
0.0000 0.0149 2.6602 
0.0000 8.8698 0.7099 
0.0000 42.4756 2.9941 
0.0000 -10.0000 1.3339 
0.0000 0.1111 2.2518 
0.0000 1.2002 3.8529 
0.0000 14.4658 2.6200 
0.0000 -10.0000 0.5922 
0.0000 8.6156 3.0016 
0.0000 0.8880 2.4805 
0.0000 0.0551 3.7104 
0.0000 1.4513 2.4119 
0.0000 1.3183 1.9637 
0.0000 3.7465 0.0554 
0.0000 0.2424 1.5574 
0.0000 0.0639 1.3891 
0.0000 0.0022 7.0266 
0.0000 -10.0000 1.5466 
0.0000 106.5401 4.3859 
0.0000 0.5224 1.0176 
0.0000 -10.0000 1.9100 
0.0000 0.3714 0.1898 
0.0000 0.0106 2.6075 
0.0000 -10.0000 0.8781 
0.0000 2.3494 2.0657 
0.0000 22.9984 3.6813 
0.0000 0.0919 2.7878 
0.0000 2.4219 3.3656 
0.0000 53.0369 1.4827 
0.0000 -10.0000 2.9060 
0.0000 167.5537 2.9983 
0.0000 -10.0000 3.1989 
0.0000 7.2634 3.1051 
0.0000 3.3908 2.6796 
0.0000 272.5443 0.8030 
0.0000 17.6350 3.1483 
0.0000 6.7821 3.6515 
0.0000 0.0128 1.2325 
0.0000 20.6449 0.7590 
0.0000 0.0683 5.0472 
0.0000 187.3908 1.1418 
0.0000 0.0756 2.4045 
0.0000 1.2492 1.4883 
0.0000 -10.0000 2.7532 
0.0000 103.0042 2.4867 
0.0000 0.0893 3.5047 
0.0000 2.6953 6.9480 
0.0000 1.7666 6.0339 
0.0000 -10.0000 1.6174 
0.0000 343.8294 1.3072 
0.0000 0.6536 1.8586 
0.0000 -10.0000 3.3709 
0.0000 14.7519 5.6839 
0.0000 1.4982 1.8334 
0.0000 2.1016 1.9114 
0.0000 0.6811 3.8162 
0.0000 4.5720 1.8786 
0.0000 674.9072 2.2529 
0.0000 2.0933 4.1669 
0.0000 0.0126 2.3806 
0.0000 130.2521 3.8747 
0.0000 -10.0000 2.1442 
0.0000 3.8379 0.2052 
0.0000 -10.0000 3.6544 
0.0000 0.1325 3.4807 
0.0000 0.2391 5.3681 
0.0000 8.2322 3.1588 
0.0000 44.5902 4.7784 
0.0000 0.8075 6.5694 
0.0000 0.0043 0.3168 
0.0000 0.0780 3.5042 
0.0000 1609.9570 4.5664 
0.0000 468.3458 4.2005 
0.0000 1.1905 1.9697 
0.0000 17.5225 1.9093 
0.0000 0.0180 6.3218 
0.0000 0.0540 3.7584 
0.0000 0.2949 0.7615 
0.0000 -10.0000 3.3998 
0.0000 0.0299 1.7930 
0.0000 4.9000 1.6503 
0.0000 41.1629 2.7015 
0.0000 0.1035 3.0791 
0.0000 17.0824 5.9579 
0.0000 89.8252 2.2859 
0.0000 -10.0000 1.9028 
0.0000 0.0032 3.6719 
0.0000 26.5140 3.7866 
0.0000 0.0333 1.4507 
0.0000 -10.0000 9.3313 
0.0000 13.2392 4.2878 
0.0000 464.8006 5.4363 
0.0000 -10.0000 1.0694 
0.0000 0.0102 2.5015 
0.0000 60.9495 2.2900 
0.0000 -10.0000 2.8701 
0.0000 0.1737 4.1932 
0.0000 7.2541 2.8407 
0.0000 6370.8411 4.8422 
0.0000 0.1729 0.2353 
0.0000 -10.0000 4.0538 
0.0000 25.5195 0.7081 
0.0000 147.0704 1.5266 
0.0000 0.1811 2.9710 
0.0000 18.5809 8.1772 
0.0000 30.4550 4.0783 
0.0000 4.9312 2.9027 
0.0000 0.1529 1.9700 
0.0000 -10.0000 0.1257 
0.0000 0.4673 7.0268 
0.0000 10324.7860 2.4482 
0.0000 1.5479 4.1364 
0.0000 -10.0000 3.2241 
0.0000 -10.0000 1.6161 
0.0000 0.2584 5.0432 
0.0000 0.6806 2.0253 
0.0000 0.0001 0.4520 
0.0000 114.4474 5.1514 
0.0000 0.4926 2.9918 
0.0000 -10.0000 2.6240 
0.0000 1.0666 4.4841 
0.0000 24.0260 1.8193 
0.0000 3.5828 3.6864 
0.0000 -10.0000 2.1129 
0.0000 -10.0000 0.8816 
0.0000 0.0077 6.5851 
0.0000 2.7184 3.0399 
0.0000 -10.0000 1.7633 
0.0000 -10.0000 1.1543 
0.0000 0.0841 2.1985 
0.0000 -10.0000 0.0539 
0.0000 -10.0000 0.0000 
0.0000 172.6857 3.0404 
0.0000 -10.0000 2.1069 
0.0000 0.5638 0.4566 
0.0000 -10.0000 3.1586 
0.0000 -10.0000 2.5745 
0.0000 -10.0000 0.0794 
0.0000 86.2989 2.4124 
0.0000 0.0757 3.0054 
0.0000 645.5458 1.4507 
0.0000 0.0248 2.4708 
0.0000 -10.0000 1.7398 
0.0000 21847.5773 0.9835 
0.0000 10.2426 0.0011 
0.0000 1.8639 6.6115 
0.0000 0.3304 5.7980 
0.0000 2.7541 2.0245 
0.0000 0.0014 4.8285 
0.0000 240.2267 2.1018 
0.0000 0.0000 4.0283 
0.0000 18.5495 3.6393 
0.0000 -10.0000 1.9716 
0.0000 41.5732 1.8990 
0.0000 0.2018 2.8655 
0.0000 2.4030 3.1631 
0.0000 1.5234 1.4941 
0.0000 0.1500 3.1599 
0.0000 -10.0000 1.6145 
0.0000 5.0487 4.9544 
0.0000 0.6394 2.2636 
0.0000 323.8782 0.0540 
0.0000 0.1888 0.5493 
0.0000 7.3794 3.8405 
0.0000 233.8013 7.6315 
0.0000 22708.2511 4.4188 
0.0000 0.5951 1.8711 
0.0000 -10.0000 1.4148 
0.0000 1.4544 4.6761 
0.0000 70.5230 2.0689 
0.0000 50.3008 2.2623 
0.0000 120.8726 3.7004 
0.0000 0.2802 2.4586 
0.0000 1.7669 8.9774 
0.0000 0.0289 1.7167 
0.0000 0.1311 7.7438 
0.0000 4.5801 3.7241 
0.0000 -10.0000 1.1566 
0.0000 -10.0000 2.1092 
0.0000 0.8589 3.7355 
0.0000 3.9942 6.7215 
0.0000 0.0001 2.0215 
0.0000 1.6603 4.4795 
0.0000 9.2174 4.8336 
0.0000 7.5902 2.6863 
0.0000 381.9462 4.0296 
0.0000 1.6961 3.1128 
0.0000 1.2149 2.2086 
0.0000 -10.0000 2.2066 
0.0000 -10.0000 4.9354 
0.0000 0.4668 2.8545 
0.0000 0.1028 5.9195 
0.0000 0.0634 0.8894 
0.0000 697.3205 4.3992 
0.0000 -10.0000 2.0214 
0.0000 0.0036 6.7390 
0.0000 0.1057 7.3462 
0.0000 139.7610 3.0899 
0.0000 0.4250 0.2174 
0.0000 141.7781 3.9259 
0.0000 -10.0000 2.5222 
0.0000 4.7152 1.2576 
0.0000 -10.0000 2.7793 
0.0000 228.2592 4.0689 
0.0000 3.9333 6.2435 
0.0000 46.6078 0.9400 
0.0000 0.0301 3.1985 
0.0000 3.0702 1.5238 
0.0000 -10.0000 5.7592 
0.0000 0.0054 6.6290 
0.0000 194.0761 2.9493 
0.0000 3.2181 0.7871 
0.0000 1.1564 2.7623 
0.0000 0.1926 1.8656 
0.0000 902.7213 4.9750 
0.0000 22.7761 2.5314 
0.0000 803.7754 4.7560 
0.0000 1.1464 0.0012 
0.0000 7.4388 1.6551 
0.0000 0.1473 4.1990 
0.0000 -10.0000 2.7491 
0.0000 2.3113 1.1035 
0.0000 4173.9993 4.2134 
0.0000 0.0238 2.1104 
0.0000 118.1506 0.1245 
0.0000 11.5039 2.6620 
0.0000 1.1123 2.8993 
0.0000 4.0612 3.4978 
0.0000 3.0701 0.2278 
0.0000 -10.0000 2.4510 
0.0000 -10.0000 0.0000 
0.0000 0.0939 5.3484 
0.0000 -10.0000 4.9981 
0.0000 2.4963 4.7649 
0.0000 -10.0000 5.3520 
0.0000 -10.0000 4.3928 
0.0000 0.0279 3.7754 
0.0000 3.8129 1.7805 
0.0000 0.0033 1.6701 
0.0000 1239.2402 0.0009 
0.0000 0.0846 0.5008 
0.0000 148.3133 4.5403 
0.0000 0.0296 2.9163 
0.0000 0.9638 4.5428 
0.0000 0.0326 0.1061 
0.0000 0.9656 1.8238 
0.0000 105.6878 2.2688 
0.0000 13.5688 0.7968 
0.0000 4.6810 3.6687 
0.0000 145.6428 0.3932 
0.0000 13.3428 1.7446 
0.0000 -10.0000 2.7026 
0.0000 0.8208 7.5857 
0.0000 0.0078 6.2258 
0.0000 -10.0000 1.5795 
0.0000 0.1905 3.6198 
0.0000 2025.1235 1.1905 
0.0000 145.1784 2.6735 
0.0000 5.3295 3.8952 
0.0000 6.9783 2.0386 
0.0000 57.2662 0.8000 
0.0000 -10.0000 0.4711 
0.0000 236.9826 1.4474 
0.0000 5.1378 2.5281 
0.0000 382.7281 4.7437 
0.0000 0.2975 1.9020 
0.0000 -10.0000 4.1544 
0.0000 186.8588 3.1430 
0.0000 1.2748 3.8580 
0.0000 100.9659 4.1478 
0.0000 137.5122 2.0660 
0.0000 865.2234 6.0784 
0.0000 -10.0000 3.6913 
0.0000 0.0013 6.6355 
0.0000 0.0170 0.4740 
0.0000 0.0058 3.7675 
0.0000 0.9216 2.9676 
0.0000 638.3652 0.8159 
0.0000 69.1867 6.1537 
0.0000 0.1770 4.4247 
0.0000 -10.0000 3.0086 
0.0000 0.0205 3.9514 
0.0000 15.5886 3.7462 
0.0000 30.4527 3.4164 
0.0000 -10.0000 6.5325 
0.0000 0.0320 0.0000 
0.0000 6.6606 3.9201 
0.0000 2292.1911 3.2390 
0.0000 18.4447 0.4250 
0.0000 -10.0000 2.1128 
0.0000 0.0002 2.7525 
0.0000 7.1686 5.3702 
0.0000 107.6133 2.9803 
0.0000 0.2138 3.3523 
0.0000 0.9011 3.5735 
0.0000 476.7123 2.9979 
0.0000 1.0772 3.5893 
0.0000 0.0028 3.3894 
0.0000 582.2434 3.6151 
0.0000 279.8825 2.2110 
0.0000 -10.0000 3.5312 
0.0000 34.9898 4.5729 
0.0000 400.6577 4.0670 
0.0000 243.3431 5.3304 
0.0000 70.5456 0.4944 
0.0000 0.6212 0.0805 
0.0000 8.1597 2.9047 
0.0000 5.6227 2.3227 
0.0000 103.4610 5.1265 
0.0000 197.3875 0.2924 
0.0000 2.5147 3.4733 
0.0000 164.4460 3.5022 
0.0000 -10.0000 3.0645 
0.0000 13.7549 5.2265 
0.0000 101.4594 1.5186 
0.0000 0.4742 0.4982 
0.0000 -10.0000 1.0391 
0.0000 20.8535 4.7059 
0.0000 0.0073 7.3479 
0.0000 221.2459 0.1924 
0.0000 3.2955 4.3595 
0.0000 47.7488 4.7493 
0.0000 57.0409 4.9725 
0.0000 0.0024 4.9352 
0.0000 -10.0000 4.0452 
0.0000 582.0672 1.6658 
0.0000 43.2629 3.5386 
0.0000 2.2567 4.8276 
0.0000 34.3018 1.9272 
0.0000 1.4409 1.7857 
0.0000 -10.0000 7.1928 
0.0000 4.5418 2.3682 
0.0000 519.9405 2.6838 
0.0000 -10.0000 3.3926 
0.0000 -10.0000 1.1899 
0.0000 15.4456 2.6271 
0.0000 27.0026 1.8749 
0.0000 37.6958 1.9595 
0.0000 -10.0000 5.3007 
0.0000 0.0164 0.0003 
0.0000 0.2350 4.0797 
0.0000 -10.0000 0.5123 
0.0000 0.0026 3.6161 
0.0000 -10.0000 2.3499 
0.0000 0.2039 2.2930 
0.0000 163.4719 2.4803 
0.0000 536.3629 2.0794 
0.0000 0.0732 3.8562 
0.0000 5.8962 5.0280 
0.0000 32.1722 1.6264 
0.0000 0.9819 2.3751 
0.0000 0.0039 4.1803 
0.0000 13.7213 5.5774 
0.0000 -10.0000 2.1794 
0.0000 545.5474 4.1945 
0.0000 0.1399 4.9396 
0.0000 126.2624 2.7628 
0.0000 -10.0000 7.6582 
0.0000 1.8858 2.0594 
0.0000 -10.0000 2.1743 
0.0000 4.8519 2.4188 
0.0000 200.8984 4.8052 
0.0000 0.1195 3.1935 
0.0000 0.0695 0.3261 
0.0000 88.0647 5.6206 
0.0000 1.4616 4.7873 
0.0000 113.7202 3.9067 
0.0000 0.0568 2.4429 
0.0000 6.9179 2.2373 
0.0000 0.5484 2.7018 
0.0000 100.9942 3.5127 
0.0000 0.8843 7.1253 
0.0000 1.5805 0.0001 
0.0000 -10.0000 3.8700 
0.0000 76.9359 2.2933 
0.0000 108.3058 1.2914 
0.0000 89.1622 0.4537 
0.0000 -10.0000 3.0555 
0.0000 24.8380 2.6638 
0.0000 -10.0000 0.9171 
0.0000 2285.7992 3.2472 
0.0000 29.4742 3.1847 
0.0000 0.0485 2.1669 
0.0000 -10.0000 0.1939 
0.0000 -10.0000 1.9478 
0.0000 -10.0000 3.4475 
0.0000 0.2352 7.9958 
0.0000 2.1033 2.2576 
0.0000 5.9776 2.1481 
0.0000 44.5770 4.4656 
0.0000 0.0924 0.0058 
0.0000 0.7765 6.4894 
0.0000 137.6541 1.3012 
0.0000 201.1905 2.7673 
0.0000 -10.0000 4.3113 
0.0000 4.7903 5.2220 
0.0000 0.6765 1.0091 
0.0000 7.7685 5.2429 
0.0000 -10.0000 2.4511 
0.0000 0.0001 3.6010 
0.0000 1.1682 1.5508 
0.0000 1312.1302 2.1739 
0.0000 437.3019 4.0069 
0.0000 -10.0000 5.1734 
0.0000 5.5022 2.0701 
0.0000 -10.0000 1.6270 
0.0000 870.6764 5.0985 
0.0000 3.0940 9.1630 
0.0000 -10.0000 1.3777 
0.0000 0.0791 1.8852 
0.0000 1.0813 0.6154 
0.0000 -10.0000 1.4276 
0.0000 9.7899 0.9058 
0.0000 -10.0000 3.3337 
0.0000 -10.0000 0.1114 
0.0000 116.6850 1.2516 
0.0000 109.0447 1.8380 
0.0000 128.8399 4.8701 
0.0000 0.0761 5.6200 
0.0000 29.9711 3.4674 
0.0000 0.0403 1.3967 
0.0000 629.9182 3.0053 
0.0000 688.6640 3.4812 
0.0000 0.2605 3.3998 
0.0000 287.4804 3.5398 
0.0000 424.2109 2.4003 
0.0000 0.1186 3.7669 
0.0000 674.4607 1.1565 
0.0000 -10.0000 1.2444 
0.0000 0.0215 2.1852 
0.0000 14.8273 4.1856 
0.0000 0.0977 1.8226 
0.0000 0.4833 0.0187 
0.0000 14.6595 0.1714 
0.0000 0.1644 1.6480 
0.0000 32.7443 2.0610 
0.0000 0.0035 9.4502 
0.0000 0.0384 7.6313 
0.0000 452.8511 4.8323 
0.0000 -10.0000 2.1654 
0.0000 0.0002 3.9521 
0.0000 151.1374 2.5508 
0.0000 907.8262 8.3354 
0.0000 29.4681 0.0580 
0.0000 -10.0000 1.7114 
0.0000 12.3895 3.0051 
0.0000 36.6404 1.7303 
0.0000 62.7129 5.1265 
0.0000 3.4275 0.3099 
0.0000 0.1642 3.1438 
0.0000 0.1597 1.5496 
0.0000 0.0172 5.2061 
0.0000 0.0677 1.6259 
0.0000 10122.1846 1.9368 
0.0000 0.9593 3.7806 
0.0000 94.9233 4.9661 
0.0000 24.7362 6.8438 
0.0000 0.0650 0.0033 
0.0000 204.3704 2.3005 
0.0000 2849.5445 3.7138 
0.0000 8.4470 2.3282 
0.0000 9.8251 4.5670 
0.0000 2.1065 4.6269 
0.0000 7.6061 1.0473 
0.0000 8.0589 4.0865 
0.0000 3.3312 3.1803 
0.0000 0.1219 3.0844 
0.0000 -10.0000 0.0037 
0.0000 86.5946 1.3608 
0.0000 2.0612 1.7882 
0.0000 52.6905 2.0848 
0.0000 0.0603 3.8197 
0.0000 0.1005 2.9051 
0.0000 -10.0000 4.6954 
0.0000 43.1848 2.9650 
0.0000 5.5026 0.5291 
0.0000 0.3574 3.2003 
0.0000 -10.0000 5.7861 
0.0000 33.3009 4.2257 
0.0000 21.9524 0.9949 
0.0000 0.1209 6.5580 
0.0000 0.5212 4.0424 
0.0000 9.5301 2.8001 
0.0000 93.9845 3.8301 
0.0000 0.8710 2.1276 
0.0000 0.5894 4.6682 
0.0000 -10.0000 2.8501 
0.0000 -10.0000 2.9989 
0.0000 711.9892 2.6573 
0.0000 0.0007 7.0313 
0.0000 517.4072 2.8343 
0.0000 24.1074 6.6651 
0.0000 3.9146 9.7341 
0.0000 0.2429 1.4046 
0.0000 -10.0000 1.3066 
0.0000 0.4822 3.8430 
0.0000 0.6193 2.3200 
0.0000 0.3884 1.6321 
0.0000 23.6747 1.2643 
0.0000 2.2863 4.1364 
0.0000 0.8620 1.5599 
0.0000 0.0897 1.5113 
0.0000 0.0400 0.0146 
0.0000 0.0242 1.8590 
0.0000 0.1720 4.2367 
0.0000 0.6139 3.6148 
0.0000 103.5881 3.2484 
0.0000 87.9104 3.7538 
0.0000 87.5643 0.1245 
0.0000 -10.0000 1.1776 
0.0000 6.3763 3.0259 
0.0000 429.8662 0.3290 
0.0000 119.9527 7.1492 
0.0000 -10.0000 2.1955 
0.0000 0.4293 2.2766 
0.0000 0.0214 1.4887 
0.0000 7.6508 2.5431 
0.0000 1.6060 2.6147 
0.0000 2.0472 5.2228 
0.0000 1.9090 1.1890 
0.0000 21.0720 2.7581 
0.0000 0.9409 0.7393 
0.0000 0.3007 0.0988 
0.0000 0.3530 1.7460 
0.0000 171.5572 3.7900 
0.0000 2.0269 5.3384 
0.0000 4.5143 3.3446 
0.0000 2.1922 3.5072 
0.0000 1.2052 2.2691 
0.0000 0.0224 4.6917 
0.0000 850.9152 5.5250 
0.0000 -10.0000 4.2830 
0.0000 1.1130 2.9241 
0.0000 -10.0000 5.9912 
0.0000 33.3797 5.2802 
0.0000 109.0775 5.7777 
0.0000 3.0247 4.8330 
0.0000 12.3524 7.4135 
0.0000 -10.0000 5.0397 
0.0000 22.0499 0.6880 
0.0000 10.6760 0.2393 
0.0000 88.0099 6.0426 
0.0000 80.5384 0.1392 
0.0000 8.8902 4.5516 
0.0000 2.4800 7.3795 
0.0000 98.1061 4.1029 
0.0000 -10.0000 0.0243 
0.0000 25.3921 1.0473 
0.0000 12.2932 2.5312 
0.0000 -10.0000 1.0815 
0.0000 183.8124 3.3546 
0.0000 -10.0000 3.1376 
0.0000 -10.0000 4.4920 
0.0000 12.3426 3.4220 
0.0000 -10.0000 3.6373 
0.0000 0.3465 0.1267 
0.0000 0.0029 2.4834 
0.0000 8.3838 2.4258 
0.0000 -10.0000 3.3983 
0.0000 2.9493 0.5646 
0.0000 12.2894 2.2761 
0.0000 1.5824 0.6352 
0.0000 1210.3004 4.8201 
0.0000 563.7108 2.7283 
0.0000 0.0005 1.5602 
0.0000 -10.0000 0.9384 
0.0000 -10.0000 1.1858 
0.0000 -10.0000 3.7895 
0.0000 156.5330 2.8913 
0.0000 -10.0000 2.4075 
0.0000 -10.0000 2.6955 
0.0000 5.9746 0.6664 
0.0000 -10.0000 4.5924 
0.0000 0.0214 3.6803 
0.0000 27.1564 4.2746 
0.0000 257.9978 1.8423 
0.0000 -10.0000 2.4085 
0.0000 -10.0000 2.3029 
0.0000 0.0612 3.6514 
0.0000 10.7894 0.3329 
0.0000 65.3063 5.6062 
0.0000 116.7839 6.8751 
0.0000 0.5646 3.9316 
0.0000 -10.0000 0.0000 
0.0000 0.2610 0.6016 
0.0000 118.4313 5.9528 
0.0000 0.8349 2.9112 
0.0000 123.1186 5.7186 
0.0000 -10.0000 3.0050 
0.0000 30.4270 3.0526 
0.0000 -10.0000 1.2421 
0.0000 20.3374 3.3049 
0.0000 685.6949 5.8904 
0.0000 -10.0000 2.0823 
0.0000 35.0398 3.5627 
0.0000 29.9965 6.2009 
0.0000 -10.0000 1.2556 
0.0000 0.2399 5.2289 
0.0000 0.0315 4.0384 
0.0000 6.2288 5.2692 
0.0000 1.1774 2.8495 
0.0000 1.3155 3.2542 
0.0000 227.5473 6.7403 
0.0000 0.1732 4.4800 
0.0000 4.4929 0.3563 
0.0000 812.3607 4.9603 
0.0000 -10.0000 0.0582 
0.0000 0.0214 2.0049 
0.0000 0.3086 0.6692 
0.0000 0.0216 0.5397 
0.0000 1651.1615 4.0771 
0.0000 0.0019 0.6954 
0.0000 -10.0000 3.9401 
0.0000 0.0744 3.8386 
0.0000 335.4261 1.5046 
0.0000 19.3691 2.1170 
0.0000 1.7170 3.3650 
0.0000 433.6421 3.3836 
0.0000 0.7323 0.9990 
0.0000 0.2493 2.9633 
0.0000 2.3457 0.6227 
0.0000 -10.0000 0.0025 
0.0000 19.5754 2.1527 
0.0000 -10.0000 1.4303 
0.0000 0.0828 6.0634 
0.0000 0.1785 4.5362 
0.0000 0.6251 0.8254 
0.0000 49.4660 2.4991 
0.0000 -10.0000 2.2648 
0.0000 5.4055 5.0899 
0.0000 3.0669 3.8420 
0.0000 37.7660 4.7788 
0.0000 -10.0000 3.6431 
0.0000 0.3459 5.8519 
0.0000 1.4151 1.3538 
0.0000 4.6001 0.3624 
0.0000 -10.0000 1.6048 
0.0000 1.0128 1.2905 
0.0000 1318.3054 0.0025 
0.0000 0.5144 3.5531 
0.0000 5.7687 0.5518 
0.0000 -10.0000 0.8052 
0.0000 9.0603 3.9850 
0.0000 112.0165 1.7389 
0.0000 1.2686 2.4575 
0.0000 217.6429 2.3037 
0.0000 11.0771 0.0336 
0.0000 -10.0000 4.7926 
0.0000 61.8873 6.0689 
0.0000 -10.0000 1.8740 
0.0000 82.9837 3.3403 
0.0000 13.3015 8.1379 
0.0000 88.2090 0.0482 
0.0000 0.0532 1.1438 
0.0000 473.9743 1.9709 
0.0000 0.1725 3.5911 
0.0000 -10.0000 3.3881 
0.0000 1.9399 1.3907 
0.0000 29.4316 6.9870 
0.0000 0.3184 3.7395 
0.0000 -10.0000 1.9764 
0.0000 0.0021 1.8388 
0.0000 4.3500 2.3292 
0.0000 -10.0000 1.2054 
0.0000 -10.0000 2.3222 
0.0000 -10.0000 4.1901 
0.0000 0.1644 2.0830 
0.0000 739.3640 1.2523 
0.0000 0.0841 3.2508 
0.0000 -10.0000 2.0850 
0.0000 1.0330 0.9402 
0.0000 13.9684 4.1976 
0.0000 85.8630 1.0978 
0.0000 1426.5353 2.6012 
0.0000 8.0751 3.3948 
0.0000 0.0008 3.2487 
0.0000 0.0249 2.5738 
0.0000 189.5895 3.4774 
0.0000 -10.0000 1.4768 
0.0000 3.9028 0.3981 
0.0000 562.1973 4.6130 
0.0000 3.8196 3.9187 
0.0000 0.0236 1.6601 
0.0000 0.3622 2.1953 
0.0000 29.5711 1.7888 
0.0000 36.8782 2.1751 
0.0000 -10.0000 1.1896 
0.0000 6.7486 4.9317 
0.0000 3.3492 0.7730 
0.0000 0.0684 2.7589 
0.0000 1.4826 0.8256 
0.0000 -10.0000 5.4761 
0.0000 0.0459 2.4675 
0.0000 11.3372 1.4110 
0.0000 102.2875 2.2750 
0.0000 68.1758 2.4645 
0.0000 0.2842 5.9265 
0.0000 29.3278 1.1094 
0.0000 0.4385 4.3739 
0.0000 254.2122 4.2147 
0.0000 -10.0000 2.8614 
0.0000 340.3787 0.7707 
0.0000 3.2363 4.8039 
0.0000 62.4743 3.5305 
0.0000 0.5754 5.8716 
0.0000 0.0454 0.7090 
0.0000 54.0188 2.2431 
0.0000 0.8022 3.1938 
0.0000 155.6070 0.6278 
0.0000 0.0055 0.3725 
0.0000 121.2692 4.1817 
0.0000 -10.0000 5.4208 
0.0000 1429.9989 0.2608 
0.0000 0.4681 2.5253 
0.0000 230.7837 1.7862 
0.0000 0.0457 1.1774 
0.0000 0.9050 2.7037 
0.0000 58.5881 0.8970 
0.0000 -10.0000 1.2541 
0.0000 -10.0000 1.8307 
0.0000 -10.0000 5.5832 
0.0000 0.0507 6.0204 
0.0000 0.0200 3.6388 
0.0000 0.1460 2.5928 
0.0000 0.1571 2.3040 
0.0000 0.0378 1.2090 
0.0000 3760.3332 3.7651 
0.0000 0.0460 4.0002 
0.0000 0.0016 0.3293 
0.0000 0.1071 1.3453 
0.0000 -10.0000 3.5238 
0.0000 2.8967 3.7295 
0.0000 -10.0000 4.2582 
0.0000 -10.0000 0.1302 
0.0000 12.1833 0.3560 
0.0000 0.4480 1.1932 
0.0000 -10.0000 5.4383 
0.0000 0.1755 5.7721 
0.0000 -10.0000 2.0382 
0.0000 0.0006 0.0790 
0.0000 -10.0000 2.7301 
0.0000 54.8027 0.5765 
0.0000 35.5009 0.5098 
0.0000 18.2046 1.1838 
0.0000 0.3605 1.4371 
0.0000 694.0371 2.9596 
0.0000 0.0256 5.8962 
0.0000 0.2633 1.5135 
0.0000 0.6830 1.7190 
0.0000 456.5399 1.6161 
0.0000 96.4618 6.9021 
0.0000 201.7489 6.3835 
0.0000 2025.6235 0.8348 
0.0000 0.7435 0.6837 
0.0000 -10.0000 4.1567 
0.0000 0.5751 0.1112 
0.0000 19.6020 2.3600 
0.0000 1.3971 2.7749 
0.0000 -10.0000 1.5657 
0.0000 -10.0000 4.5831 
0.0000 1.2978 3.6915 
0.0000 65.3306 4.1859 
0.0000 66.0945 1.9626 
0.0000 -10.0000 3.6857 
0.0000 -10.0000 0.1833 
0.0000 0.4650 1.5018 
0.0000 0.1604 2.9811 
0.0000 -10.0000 4.3903 
0.0000 0.0801 4.0760 
0.0000 7.9814 3.0235 
0.0000 1.2518 3.6042 
0.0000 6.5582 2.1188 
0.0000 0.4436 3.3956 
0.0000 10.8900 2.1079 
0.0000 -10.0000 2.0907 
0.0000 89.5172 4.5842 
0.0000 17.8032 3.1308 
0.0000 531.2758 4.3578 
0.0000 3.5212 3.7469 
0.0000 24.5395 2.6189 
0.0000 10.3982 3.7340 
0.0000 0.4107 3.0169 
0.0000 -10.0000 7.3732 
0.0000 3.9215 1.2117 
0.0000 0.0040 8.4079 
0.0000 -10.0000 4.8716 
0.0000 3.7387 7.1840 
0.0000 0.1099 4.3721 
0.0000 16.6753 3.5116 
0.0000 0.0317 0.0046 
0.0000 59.0784 3.4068 
0.0000 -10.0000 3.1877 
0.0000 0.4016 3.4857 
0.0000 0.0664 1.2539 
0.0000 0.9511 5.2068 
0.0000 4.8454 2.8105 
0.0000 -10.0000 1.9489 
0.0000 226.6442 0.5514 
0.0000 29.6706 6.5386 
0.0000 -10.0000 4.9628 
0.0000 447.6747 2.6013 
0.0000 95.4599 4.3490 
0.0000 -10.0000 2.5877 
0.0000 732.0700 2.6587 
0.0000 337.9686 2.5087 
0.0000 0.1905 2.1803 
0.0000 0.1624 2.5211 
0.0000 64.9993 4.5428 
0.0000 0.0985 1.9587 
0.0000 -10.0000 0.9977 
0.0000 0.4357 0.2585 
0.0000 0.0554 4.9168 
0.0000 -10.0000 2.0441 
0.0000 1.2647 7.6708 
0.0000 0.4236 0.8050 
0.0000 3.8127 0.2518 
0.0000 47.8685 1.0012 
0.0000 0.0064 4.8799 
0.0000 -10.0000 1.3202 
0.0000 0.1112 4.6916 
0.0000 116.0918 6.2632 
0.0000 4.1364 2.6664 
0.0000 -10.0000 0.8547 
0.0000 1.5844 2.9473 
0.0000 1.9699 5.9170 
0.0000 -10.0000 0.5319 
0.0000 0.0377 0.7485 
0.0000 2.7879 1.2162 
0.0000 12.5520 2.9099 
0.0000 -10.0000 0.6187 
0.0000 2.0503 4.6147 
0.0000 3.5759 1.3166 
0.0000 3.8490 0.0332 
0.0000 66.0817 0.0146 
0.0000 1.2934 1.3595 
0.0000 2.2874 2.5714 
0.0000 2525.4228 2.2811 
0.0000 -10.0000 2.5850 
0.0000 0.0088 3.8760 
0.0000 0.3834 0.6121 
0.0000 1.0085 4.0060 
0.0000 0.0060 3.4543 
0.0000 2.5298 2.1545 
0.0000 0.2374 3.3629 
0.0000 6.3978 2.0212 
0.0000 1.2862 1.1305 
0.0000 0.7404 5.6241 
0.0000 0.0390 3.0036 
0.0000 1.5731 6.9250 
0.0000 0.7544 6.1649 
0.0000 0.1273 2.8782 
0.0000 -10.0000 2.7706 
0.0000 1.5929 4.3539 
0.0000 -10.0000 6.4514 
0.0000 0.6038 3.5976 
0.0000 0.1085 0.0434 
0.0000 19.2611 3.0469 
0.0000 0.5108 5.1349 
0.0000 220.6588 2.7904 
0.0000 4.4227 0.9314 
0.0000 0.6781 3.0356 
0.0000 3.0294 1.1284 
0.0000 193.9882 3.7499 
0.0000 23.9208 2.1349 
0.0000 5.6097 1.4618 
0.0000 5.5528 3.4874 
0.0000 0.0240 2.9868 
0.0000 45.8535 4.3579 
0.0000 11.6857 0.0959 
0.0000 -10.0000 3.2004 
0.0000 38.8386 4.0338 
0.0000 386.9758 0.5075 
0.0000 0.2707 3.7613 
0.0000 3.2686 0.7213 
0.0000 4.3470 1.5534 
0.0000 0.0794 5.3203 
0.0000 -10.0000 1.1467 
0.0000 -10.0000 1.8368 
0.0000 0.0164 3.3217 
0.0000 25.4369 3.0623 
0.0000 71.9497 2.1038 
0.0000 0.0011 4.8127 
0.0000 0.1167 2.5711 
0.0000 0.9048 0.6300 
0.0000 5.0127 0.0183 
0.0000 0.0036 4.6670 
0.0000 253.1126 3.0463 
0.0000 10.9696 2.9978 
0.0000 0.6590 3.6500 
0.0000 0.7653 4.1022 
0.0000 2.9123 2.6045 
0.0000 0.5305 2.7841 
0.0000 0.1715 2.2518 
0.0000 8.6168 3.7472 
0.0000 0.2306 1.9502 
0.0000 4.9203 1.6544 
0.0000 26.6696 2.5198 
0.0000 137.1199 2.1037 
0.0000 3.5447 1.8591 
0.0000 -10.0000 5.3429 
0.0000 1.4259 0.6147 
0.0000 163.7533 3.4568 
0.0000 -10.0000 3.3600 
0.0000 9.5432 0.0344 
0.0000 25.5263 2.7215 
0.0000 1.6331 3.8764 
0.0000 0.2032 2.5519 
0.0000 -10.0000 3.0501 
0.0000 0.0697 2.5181 
0.0000 0.2940 6.1701 
0.0000 0.5839 4.1405 
0.0000 0.1374 1.1562 
0.0000 1.1107 4.6063 
0.0000 0.6050 1.6025 
0.0000 0.0004 0.8511 
0.0000 1.2980 5.2715 
0.0000 3.1917 6.1494 
0.0000 28.7613 1.0208 
0.0000 139.2475 2.8082 
0.0000 -10.0000 2.8972 
0.0000 -10.0000 6.4092 
0.0000 -10.0000 4.2571 
0.0000 0.0002 7.2929 
0.0000 2.5193 4.4852 
0.0000 0.4615 3.1094 
0.0000 -10.0000 2.2518 
0.0000 0.0762 2.3835 
0.0000 -10.0000 0.0816 
0.0000 22.1675 1.9844 
0.0000 0.0000 1.4868 
0.0000 -10.0000 2.0712 
0.0000 2.8727 3.3137 
0.0000 9.7479 3.8825 
0.0000 2735.0117 2.1426 
0.0000 -10.0000 2.2034 
0.0000 0.1109 7.6282 
0.0000 -10.0000 3.1984 
0.0000 55.6155 2.3138 
0.0000 -10.0000 1.4556 
0.0000 0.1103 3.2636 
0.0000 198.8729 4.3623 
0.0000 -10.0000 3.7658 
0.0000 0.5990 3.0553 
0.0000 0.2252 3.0107 
0.0000 -10.0000 1.5564 
0.0000 -10.0000 2.6243 
0.0000 281.3436 2.2014 
0.0000 2.1021 2.0410 
0.0000 5.9905 0.0001 
0.0000 1385.1698 0.9066 
0.0000 -10.0000 8.2263 
0.0000 -10.0000 1.6471 
0.0000 208.4273 7.2030 
0.0000 -10.0000 1.0242 
0.0000 364.6493 3.5976 
0.0000 -10.0000 1.4658 
0.0000 3.3464 3.1946 
0.0000 0.0055 4.5666 
0.0000 -10.0000 4.6516 
0.0000 214.8632 3.4800 
0.0000 0.6097 0.1359 
