469.262691 492.869896 488.464094 481.808341 469.184277 505.707952 458.426967 493.306570 
517.353790 386.764110 507.439301 411.540285 511.891889 407.523644 487.366783 386.528651 
439.978915 522.512746 430.399095 513.818036 423.537177 541.778445 444.546566 518.328835 
523.593274 375.598976 549.242383 392.909476 531.143123 378.502070 560.169964 382.908329 
297.871680 358.811872 288.063619 363.942794 295.983382 380.542558 292.414443 413.912650 
336.337383 377.903008 336.051788 348.335545 335.123998 379.046231 365.212697 354.341028 
527.229871 511.513437 528.655182 489.801508 514.542231 486.400962 512.630939 498.844604 
330.783239 348.778486 348.954209 320.063569 334.187781 326.264433 344.357942 321.818239 
357.766502 419.907727 395.100255 418.869532 375.153801 434.130687 390.204101 413.781377 
347.191998 435.270324 347.039032 434.311986 337.700527 446.905650 331.131198 461.395622 
483.308005 453.910416 459.045957 469.061411 500.163007 460.800225 481.678115 462.841091 
370.485913 456.363117 346.325261 458.567892 388.015395 441.028027 361.106953 443.350931 
332.185242 399.534418 336.477084 396.705154 328.402556 402.168759 350.281562 405.987462 
359.960151 292.126180 378.903628 278.058905 407.707216 296.478283 367.900846 278.781711 
429.412370 331.609406 458.512837 366.302673 394.756147 322.616085 425.624371 322.046308 
403.920097 486.547289 405.954449 458.679588 408.077781 479.966992 397.594380 470.916113 
403.029973 345.976528 400.972626 360.559101 434.138133 357.939708 401.255201 357.416981 
225.056484 319.266775 254.199374 342.501309 235.716878 310.296855 250.340291 346.258436 
389.686825 444.345152 388.073887 453.796664 360.198356 449.664320 384.106112 445.375389 
485.718845 361.854328 462.371254 347.228574 474.139213 365.816926 473.924514 341.480300 
275.760530 487.180212 319.296615 488.673124 279.668250 484.566119 277.506399 479.847326 
491.730784 520.747839 476.411414 512.538176 479.494344 477.081749 481.154338 525.534487 
232.001679 376.350699 252.891733 362.163448 227.351296 419.023878 208.138704 393.381315 
297.130315 528.267486 288.029995 523.940650 292.304728 504.875251 290.604737 521.477167 
293.671187 401.292698 316.816471 403.010635 299.381084 415.154626 292.410890 404.881525 
243.584215 518.532797 278.405211 511.485834 270.735621 530.467730 256.181297 508.173340 
396.832524 544.744683 418.937308 599.736734 417.621297 594.585852 410.490646 540.605617 
437.392445 507.646275 437.712713 517.650419 430.659327 519.868514 442.318638 508.362577 
402.227784 374.848872 383.768440 373.803731 408.565435 361.812794 379.257407 365.985364 
531.661064 409.922293 529.788400 395.576301 533.169424 379.192102 503.760331 407.145647 
401.233067 294.392355 415.170552 307.223456 441.288754 295.754123 446.928778 278.816671 
561.410018 415.648966 529.268522 434.013982 560.998220 446.388110 524.912559 433.989163 
291.629579 413.533076 284.055243 437.643700 288.455395 422.114761 295.757763 417.200260 
484.919458 397.839171 466.795169 393.899980 463.700406 389.160202 476.712818 401.215955 
345.182227 553.164520 328.667804 528.934715 349.984079 547.007196 326.244823 544.160918 
347.537185 410.429117 348.154437 423.190567 368.386870 436.853617 364.199523 412.285311 
416.702603 516.302387 437.337154 515.416129 410.232922 517.011078 406.104524 535.984814 
275.317314 351.911282 275.768282 361.266531 289.844002 351.950345 289.862727 343.233024 
228.259823 245.125707 263.703906 291.363393 257.852002 294.758599 257.750998 256.682234 
473.911091 486.347461 499.677019 472.869309 519.744841 477.869436 462.589249 493.212799 
418.820670 380.611175 414.203793 377.564665 423.543295 411.298269 418.914504 394.275853 
437.881484 385.650429 447.565036 373.414584 426.310529 388.100235 435.992994 377.132943 
505.030613 533.084480 502.054178 512.155761 514.329120 520.702023 519.972579 524.177306 
400.301626 253.874945 332.443297 248.487849 348.116843 283.245523 403.514809 264.380902 
420.614840 295.844190 415.062139 306.757335 415.877280 321.898499 411.757874 297.201242 
318.650560 387.878815 319.288325 370.876067 339.955676 363.372192 316.510457 393.264795 
472.058498 481.631225 450.810074 485.745408 465.338922 491.898287 461.411064 477.074799 
427.079801 518.611981 399.358474 538.610884 437.852014 509.173711 425.522395 523.218538 
369.570133 442.234236 371.649757 444.912385 404.947895 431.513297 396.840492 452.599700 
514.774581 455.238730 562.755661 476.034014 546.941246 478.182799 565.928006 466.962740 
425.349656 469.390207 437.980024 481.041389 459.268142 476.563525 438.588090 477.863702 
286.053510 508.586389 276.745593 509.444422 272.210414 506.565636 277.463473 504.840865 
459.579842 218.193238 430.890854 263.955969 450.467383 246.597057 433.718024 251.667870 
345.111056 429.927766 385.853848 446.543990 375.504382 447.772586 382.193963 467.960917 
463.642194 293.529609 457.811166 272.511218 463.506427 260.244032 444.064639 291.072799 
282.377513 399.594104 318.413469 439.955543 323.820620 436.834070 298.012594 441.862348 
536.464410 529.756540 551.227332 559.966724 529.352622 533.646064 533.854698 504.879399 
461.416005 290.713873 417.250173 263.011257 452.448385 290.118741 438.116829 297.820809 
303.452738 425.820026 298.640175 379.683861 302.499899 394.413536 296.322131 419.114676 
447.803283 406.954478 417.853502 390.811353 451.146239 397.492907 456.835687 384.739820 
322.795593 499.600834 346.644411 505.642275 364.287600 488.468347 334.558518 499.045394 
429.726186 456.040446 469.826587 483.060701 452.117773 485.743327 461.397549 482.303905 
467.095821 503.347943 506.866822 492.537338 492.496358 472.842281 493.101164 515.758654 
376.805566 311.244535 376.519847 316.433110 381.960650 339.973138 396.101186 351.451003 
371.732242 414.233440 356.305014 423.588475 362.934394 430.172975 364.089198 394.181945 
335.077198 393.533292 322.317965 425.260905 320.312084 420.831134 348.823059 381.421873 
316.268068 298.733919 309.541439 265.515755 308.316624 278.368596 321.432877 287.105420 
450.311022 403.978879 443.202711 392.774123 445.608199 392.849932 451.540156 399.616670 
337.164715 372.600672 335.094706 359.419491 335.753759 369.428560 326.715829 359.898833 
405.305670 393.540635 413.249797 388.087462 413.986584 365.298738 411.857074 412.850632 
269.350795 316.804517 283.132726 331.203076 274.347676 340.179939 267.533683 319.935413 
344.703187 369.951541 353.933290 356.857161 316.517496 366.231043 345.075919 362.710938 
598.413000 537.800181 591.486995 566.450486 583.444402 516.380712 594.595247 525.691025 
365.352192 435.195341 350.673097 435.098405 357.591145 446.901147 366.022234 419.682849 
484.724747 336.905124 496.843033 309.121302 505.518344 317.627120 494.214407 320.982831 
426.240604 314.914675 447.702101 300.736828 444.600375 322.562424 458.443363 308.742338 
255.727229 453.875694 290.716087 472.118650 295.546988 462.951352 261.640983 460.215920 
438.894013 302.899812 417.757860 309.700263 425.688200 314.396200 424.393929 312.513452 
469.780400 309.539978 451.155875 311.662302 440.642101 310.640279 442.558680 295.809169 
316.260719 313.411939 338.188742 276.604676 311.434664 317.999806 340.232961 293.330782 
433.881370 502.174161 462.155774 454.783007 453.408532 476.029348 468.108970 466.569689 
264.615786 535.464291 250.041835 536.228544 256.924580 546.277531 268.092052 532.374615 
385.538910 317.402765 375.958094 320.476803 384.990241 315.285909 374.886647 294.965982 
493.253658 507.604412 488.916715 514.154342 489.549897 505.714971 494.729709 490.722123 
247.437774 501.271534 194.089565 513.080412 235.979944 485.056947 206.740901 481.807423 
544.025403 344.093338 513.475983 315.989841 508.062674 318.356880 553.208393 342.555628 
418.558603 259.725622 406.758159 271.870411 390.041782 223.416020 411.081180 256.872828 
450.082851 346.686056 452.505859 345.302889 452.677452 351.776146 486.117527 366.871151 
419.000378 204.532172 423.920386 228.624685 406.587184 240.849783 414.336428 250.611072 
380.879121 332.782460 382.424091 341.145856 407.435584 354.727797 407.860151 353.641786 
479.595827 416.518595 451.257032 439.866019 468.288264 409.130193 474.837562 438.764589 
549.662848 449.413957 555.599912 435.324095 523.463347 434.561420 544.266265 445.908173 
486.867275 257.413735 490.158254 276.155688 509.770543 277.162569 485.202167 270.965435 
334.084860 335.133719 330.442374 345.197752 332.658128 299.914847 339.128643 311.171633 
555.313475 349.333259 553.650798 361.062111 552.918665 364.711771 559.222399 346.457546 
388.274148 546.903174 402.272344 553.790953 361.854648 525.605584 373.389294 533.161727 
266.377961 370.453034 268.651225 359.843684 281.881923 387.326957 260.971856 360.603083 
422.378700 500.737639 429.933667 489.070450 421.844191 487.840822 432.718101 488.458459 
358.730643 416.081901 314.515683 431.370854 310.562700 442.245462 345.662788 426.968887 
562.487667 328.817203 589.921690 343.013169 565.577521 333.930296 574.339349 331.850090 
260.518155 392.728073 253.880785 377.819574 256.262078 395.083705 279.641764 373.979250 
425.691684 426.865577 416.898662 455.069461 423.505212 407.727527 431.821875 435.102871 
424.992129 398.729458 424.343573 402.751955 438.272036 410.087347 416.823590 413.705337 
235.401715 252.460952 220.513085 246.509307 264.556266 235.142779 212.177465 235.898524 
435.918766 332.444346 438.084464 367.761474 445.154952 347.822761 411.913229 353.427345 
362.798910 408.322581 363.727106 415.303039 365.814501 424.479540 376.118404 405.378343 
436.067973 294.806835 424.148871 295.961163 395.505991 310.476979 431.932839 292.465656 
548.404074 237.143353 534.089447 232.662319 534.290015 222.799809 564.653650 243.838503 
394.388211 444.135131 371.538634 458.345470 428.543509 471.446942 425.033662 456.113060 
545.802986 242.128328 571.435745 268.984986 544.615294 266.364178 540.211291 269.917742 
367.110633 468.062373 360.064478 496.551399 362.210488 465.529123 353.050058 468.228323 
369.821111 207.185152 377.953034 204.525806 369.305471 225.501322 378.522301 233.921235 
344.846125 316.072037 359.695167 325.315498 376.526217 360.326360 356.188848 319.979415 
364.060346 524.767464 377.027271 524.690264 371.795291 542.554642 391.470100 531.588769 
255.838317 272.387728 254.791807 280.625473 250.368656 254.973424 260.538362 290.226871 
366.140464 539.113297 346.784183 509.214136 328.788509 516.081204 336.496319 529.320513 
393.641575 503.637265 398.077682 532.504892 393.255246 493.946133 405.774590 543.003831 
345.038019 293.839649 329.699949 308.229147 345.217881 302.180131 326.637125 293.592398 
453.508239 560.561267 435.861061 532.439107 437.156375 526.909903 431.111407 530.157571 
485.224048 406.019224 505.926815 402.269561 502.474496 421.055895 496.563950 422.795840 
273.157298 246.215412 283.185148 230.465456 264.647923 249.128885 309.963823 239.005764 
436.122623 511.967502 451.911856 471.836223 460.127047 466.759201 460.678537 476.010071 
298.520256 240.650338 274.897049 282.782354 266.957342 271.676708 290.284796 261.545658 
463.682190 464.679978 500.388285 458.349812 504.661693 464.227169 491.729304 477.122900 
558.068095 250.499374 547.566936 237.940799 563.685517 258.053883 564.731874 278.402174 
388.461895 445.123225 386.405728 463.744800 366.888697 472.733174 387.411115 465.803155 
570.856546 383.356665 572.482385 380.078391 575.544158 398.997389 549.872784 387.992701 
387.200366 494.029970 403.022161 483.393616 412.795132 473.563515 381.039096 463.997910 
511.684459 248.368969 482.611824 229.815831 512.569943 254.993681 472.730046 262.190836 
310.856621 319.258983 331.321773 323.896441 329.127773 339.505577 356.468556 305.230428 
327.573027 462.186443 326.201162 460.651858 350.030161 463.749534 327.625845 455.344180 
488.809398 560.943039 526.189492 553.816613 490.764495 534.934903 518.162186 554.964487 
566.301542 522.203188 557.234809 512.577793 569.400974 555.712689 560.445589 516.240334 
350.778818 301.694664 284.143442 288.518720 348.490708 291.935451 316.988163 270.173130 
534.886283 427.965036 551.039170 412.361987 536.150444 421.036228 547.602831 430.697520 
322.745469 396.183061 316.277460 379.933817 296.519352 389.299834 312.464711 398.653355 
501.732135 451.945140 481.007799 459.587498 506.732621 479.775434 499.919509 487.405190 
264.036776 237.748693 279.077712 240.942055 267.263624 258.682170 250.668096 273.360874 
322.674371 257.403449 333.003189 289.993258 347.097485 281.760532 337.500177 284.048375 
378.749162 540.980742 373.806771 531.677265 389.362187 531.594775 372.912000 549.321157 
500.268910 367.769598 555.332386 385.162693 504.352345 354.947392 497.751627 373.451573 
563.816218 452.484889 574.549617 422.467387 581.585130 432.956519 573.178134 409.650178 
258.415018 420.376835 300.563376 376.615880 284.205258 381.435724 287.167485 372.469803 
453.702803 404.062735 382.965842 406.184030 433.759605 370.623220 435.917417 391.102331 
285.993980 443.956698 315.262475 480.917942 318.141793 472.219407 301.713166 433.729673 
477.558859 246.835393 491.938275 263.253775 497.877146 252.416175 505.718958 266.211057 
415.513900 474.648420 436.573164 484.037020 442.141435 485.644828 427.440075 479.249824 
465.234795 353.636641 482.520370 363.082765 473.771004 352.448909 439.357814 337.578260 
592.289776 413.978627 574.275536 393.812081 576.465138 437.937048 561.908692 407.530369 
491.317365 370.566149 487.185647 377.498000 493.980109 370.744972 504.867398 367.039192 
271.428528 539.471257 250.262145 539.221472 253.120355 550.228967 288.645410 529.243521 
530.873389 456.772846 515.213911 436.937773 523.835455 460.272086 529.404149 432.148520 
509.721333 344.123102 496.430064 353.492665 498.562578 371.503788 514.918022 350.534746 
460.987780 249.043782 460.077796 258.821695 487.297263 281.753155 469.720733 234.250269 
305.337176 330.376008 287.906565 302.149049 295.674988 338.318306 292.099884 320.438111 
380.301381 290.897835 355.238588 278.234956 331.229398 265.031170 358.782594 258.802416 
366.923771 271.064778 396.781906 286.347617 384.362177 270.840510 373.469594 286.876887 
296.730254 337.577664 266.902752 326.202802 276.169783 317.251789 266.799830 339.519819 
396.912248 423.130977 422.480730 426.811836 413.694206 404.244661 401.919413 417.239653 
486.858462 388.297367 476.379808 407.889782 462.391351 389.715434 474.498548 400.861485 
343.600385 268.732004 360.211475 252.942536 329.620493 278.903273 350.573089 266.246745 
491.211136 275.007321 501.414551 265.869602 520.093847 283.441911 511.830074 291.391148 
508.888468 281.075597 481.420504 231.169342 512.060218 271.801273 515.711938 273.791124 
341.777153 464.744280 320.510358 474.640401 331.088569 490.482563 300.760018 471.349930 
497.268710 514.647866 520.953694 544.651782 518.347729 574.944130 522.186326 509.652600 
413.715767 499.306823 405.131661 480.756439 400.584668 508.786894 368.637467 535.653057 
405.609421 457.067590 403.781962 435.807408 432.029298 468.401601 434.486303 468.740379 
399.673082 456.791141 412.142677 447.788701 403.382404 478.665560 400.177637 444.013960 
382.667931 307.311765 398.320535 307.258539 379.783419 288.226475 401.199257 282.157296 
350.605818 365.690802 361.380283 379.932893 359.695161 411.340713 372.031731 403.022890 
572.473282 228.897938 602.575888 268.656413 581.326255 222.854143 587.434309 243.576991 
417.171839 291.064825 398.324298 293.047389 412.875219 264.479948 419.186926 277.223296 
326.641696 442.995788 332.124611 440.070235 329.511920 448.665863 319.865144 458.768673 
530.759990 357.938829 470.978956 356.446061 500.231160 348.230884 474.413395 358.702894 
452.970929 421.363495 448.397082 423.118835 458.636568 421.159654 450.457553 428.809867 
454.531489 498.107509 450.847961 510.297807 472.037493 483.954706 447.881027 519.349307 
322.289804 427.968976 285.304401 410.349041 318.489953 431.780799 269.267810 407.836517 
420.041560 422.970783 389.671764 435.984239 395.800018 417.759792 419.306002 427.518108 
319.600729 331.153928 298.548311 286.752241 319.249841 311.136917 304.221484 289.304670 
452.011209 285.571586 442.920690 281.797398 467.464644 282.790011 444.770100 249.704283 
542.339760 308.685927 569.410768 333.213139 571.558324 343.295338 588.631671 328.863869 
525.829524 380.810361 503.433593 349.193559 528.529963 382.756409 534.365341 392.542227 
438.736502 457.488544 452.568401 437.197223 460.694643 454.230419 466.644279 429.621160 
360.548002 412.241942 355.584942 419.193798 381.694332 400.726384 364.809564 403.575001 
320.470843 557.961996 306.667800 569.609612 321.330936 573.581455 310.430451 547.229620 
499.260898 498.203683 480.220881 533.223445 485.320688 498.439759 505.087774 536.764539 
425.523882 358.877935 442.901674 336.846406 411.011725 354.629089 468.584768 349.538809 
319.089254 496.651441 328.169872 464.812481 332.294582 454.800123 336.809797 468.459787 
236.680541 260.284290 271.425116 248.846156 245.014310 248.228735 284.247382 264.336832 
205.108231 577.952814 203.320943 559.282302 250.704022 550.120382 229.945779 571.742536 
573.265354 277.008298 586.451540 246.427989 564.313951 266.927725 566.707437 259.622668 
341.286141 503.576501 361.946826 504.565235 347.390375 494.873683 374.699466 514.275746 
501.135215 425.848701 480.442942 415.378574 521.536026 401.813704 494.565999 422.278804 
274.457467 305.730875 252.819918 293.402411 250.748380 305.021521 272.133715 326.760759 
285.373112 460.502201 274.347528 443.335593 267.267648 437.284815 278.203321 475.436795 
532.902175 437.269193 531.866665 490.682611 525.071570 463.912988 520.997888 459.236086 
302.465994 505.349682 286.895454 488.065401 294.664492 483.498738 279.040308 490.378617 
615.828825 469.161421 622.374628 470.970602 617.714081 482.707861 583.528218 475.020053 
522.040515 348.027851 514.128995 351.135218 499.249856 338.530012 513.834307 370.480836 
319.919994 374.511565 308.773005 360.965084 312.590323 367.264936 312.282994 368.923715 
267.867514 366.443088 273.688917 359.592805 270.713015 357.334720 304.718400 327.328066 
311.396720 528.557383 272.126338 528.996731 272.790943 524.840833 291.713541 525.456654 
480.382918 499.760927 468.303135 498.881353 471.227023 480.894543 483.604590 519.180843 
444.856521 310.537793 421.453910 334.550604 451.924725 337.893594 436.988606 333.714573 
286.141772 490.354507 286.478771 492.351321 300.643196 473.176813 317.542387 497.066098 
383.051604 553.309915 358.250318 543.340069 380.715051 540.240150 382.429728 547.346433 
499.461230 363.430543 508.076656 352.195693 499.153856 365.800061 518.557396 366.893978 
326.729692 536.018314 327.064695 520.740744 351.840939 545.981535 339.678046 562.257185 
537.404331 329.158383 515.586017 326.198149 509.666384 318.207735 545.228994 319.806286 
460.912706 470.883402 462.190425 474.860204 477.134962 457.146074 473.683969 460.177157 
391.785991 442.702094 394.864968 438.655937 397.863265 467.414663 392.270926 436.961137 
374.498742 327.330252 362.979258 322.248271 339.989048 323.934501 356.676052 322.705073 
449.763525 242.804893 448.073021 237.016322 479.784503 260.529748 428.195321 243.328030 
332.101605 462.564235 342.341999 464.842365 375.472100 487.802065 378.302242 475.047243 
280.730512 368.705453 308.185079 366.121374 313.099881 385.127106 328.218985 378.546298 
539.592307 520.484380 523.964257 548.696162 551.009091 506.810070 522.302504 532.078677 
485.487502 285.107208 477.882539 277.515406 474.514864 263.341741 480.887378 272.418383 
290.630998 394.452221 298.482488 394.462293 295.718822 391.013835 289.702361 395.110945 
333.896876 209.408389 320.041463 228.598493 384.302257 234.429671 343.574465 230.998932 
247.055167 528.040909 267.068652 515.931680 260.967739 522.010625 236.337709 531.326273 
324.922354 398.500886 361.369585 444.122427 351.424967 444.549404 345.285194 420.814874 
387.019243 493.504303 364.741318 505.612326 365.475716 493.016195 375.398649 504.413001 
538.424202 424.158530 536.098868 439.363043 560.641715 444.818621 576.359845 431.132700 
366.612631 313.040362 346.108533 302.329912 345.049415 313.468331 369.917217 306.455379 
359.645908 479.516084 346.338373 475.209409 351.945255 486.894299 362.304665 457.338397 
542.707950 338.598570 562.557342 333.668084 522.396863 328.926496 527.761535 296.853700 
543.076173 515.593197 564.195715 518.534898 528.173961 524.872715 556.908406 529.185223 
461.865596 387.045999 499.191145 352.665164 460.613029 375.112909 504.363694 359.606606 
308.905287 304.529804 310.608472 299.913098 323.493039 311.278015 328.960300 280.454197 
457.090330 485.586811 463.514315 506.328993 422.255571 482.353799 438.035229 466.247131 
281.547130 425.405832 256.190163 438.299725 258.343352 422.777656 250.403107 416.954775 
322.946601 347.025487 348.468367 325.828737 351.815648 343.786903 319.461105 342.122232 
562.901151 310.749939 561.781529 314.777434 514.678497 298.559133 542.767314 293.957609 
357.026121 471.836681 351.175256 482.138996 345.550150 477.017911 374.544034 475.762489 
267.577699 557.215379 306.200543 554.076424 306.657287 560.678583 307.900194 576.073150 
264.958191 493.811032 261.854693 519.846060 245.732953 477.171403 255.451051 481.938283 
332.005428 444.401880 322.954154 439.010008 318.738145 475.999849 320.323540 457.037810 
518.820995 545.491711 480.816437 526.597654 469.343200 537.360132 491.551822 538.372737 
372.879936 275.149332 361.607778 292.253876 368.064183 286.471386 360.988202 252.421587 
490.502938 280.816671 520.612826 240.020365 498.604517 275.883335 521.524351 255.136318 
302.881954 495.560792 340.123810 522.161675 308.370793 515.571349 351.572437 527.149851 
440.943982 256.006034 470.994422 255.824271 475.083150 233.589416 456.368780 206.540455 
346.661227 242.630891 340.884781 213.568654 316.017588 230.034079 342.376647 221.418455 
344.901071 468.384280 361.550179 473.171050 343.096740 490.669928 338.881203 470.284299 
409.195890 370.111593 408.944112 354.611208 408.079032 355.603686 402.447347 347.034640 
312.814054 353.658139 289.784516 365.963483 326.935683 340.064159 335.478591 347.688611 
568.888388 507.783252 597.228223 508.929654 585.534850 508.998148 572.588437 457.207894 
266.573819 506.220275 265.078584 499.530984 236.678634 501.111516 276.302836 513.832819 
321.144360 560.043137 343.560937 600.663792 336.036511 587.685993 329.617674 558.565171 
219.932542 309.109559 180.882819 305.295295 217.306122 292.074480 204.191127 301.056597 
225.903380 256.185020 261.642444 254.534615 244.570406 267.789005 253.637075 236.259472 
406.629585 470.654696 415.483856 516.634784 408.357130 485.332775 413.995167 489.990692 
297.236136 579.191211 330.522317 565.102756 328.337284 583.947190 329.943224 585.193454 
451.909676 551.281007 451.929131 533.221713 445.567575 548.621518 435.550537 518.932385 
525.545075 343.774777 553.361364 338.316263 552.083356 328.024327 547.560570 346.166055 
363.838728 506.399606 349.972775 521.008771 359.487747 495.957856 350.902918 500.734178 
568.114583 377.715595 567.418382 383.592700 524.296347 335.938432 544.594737 368.361756 
420.352187 441.987895 418.076397 431.637916 416.098332 427.071701 418.973385 435.489366 
227.139045 465.319442 242.645260 444.447957 264.716168 445.234005 235.938728 445.393665 
379.465048 320.608936 384.223065 332.585494 388.991099 335.798055 419.397163 320.764395 
523.684016 451.181601 547.503068 480.697942 555.614778 457.729319 517.480708 474.717374 
490.810638 441.802025 524.577391 475.122349 479.384427 453.243633 506.428839 454.412507 
350.590555 550.705928 337.565101 540.490845 335.062317 526.995329 331.194441 529.684700 
270.408527 547.963921 256.978260 548.134910 236.689738 548.440575 275.494443 558.443014 
244.786997 438.853665 265.559896 439.319502 266.309437 418.884318 273.430799 435.603221 
247.168763 294.444427 238.914199 280.077896 238.430767 252.031487 246.510399 269.310492 
397.396736 586.330190 411.153969 578.915541 436.158313 546.654829 411.421866 577.704582 
289.388755 342.703009 290.144538 332.697325 337.571503 363.073423 298.253259 358.037475 
386.997434 310.177461 407.364921 322.888931 402.779934 313.023477 396.854726 316.584704 
458.461478 526.424761 462.420208 559.227111 460.832393 530.843146 440.921944 534.766338 
477.589452 211.832973 518.265916 221.915957 492.895615 224.588537 474.778820 257.599788 
304.671573 259.091697 295.066326 263.261731 314.226769 260.856911 294.274042 254.009153 
252.413457 335.906781 262.648910 342.605940 277.529871 337.115541 274.771705 351.524253 
486.404758 403.071760 502.918617 408.147966 496.432342 382.974427 492.678317 394.355604 
567.139658 364.101280 544.194160 369.185176 543.349110 355.701119 570.206432 360.870388 
513.813574 487.359985 529.084912 474.641587 477.608098 449.875868 526.747325 466.786377 
442.657485 486.266520 448.814571 464.215696 439.810144 501.215434 425.604919 436.651339 
317.416117 609.545244 309.814622 599.876542 282.109663 586.519368 280.838789 588.132703 
468.075182 420.822203 469.888055 432.362655 449.934811 432.753537 438.678020 434.767882 
439.222465 416.719140 459.234248 434.564619 429.563687 411.875934 416.682824 422.538676 
259.910456 505.131579 253.988036 502.002538 275.205127 507.427248 278.587196 484.714480 
298.351464 500.752722 309.280354 490.083930 269.750555 493.616038 293.374832 493.296322 
487.967221 440.735549 475.875589 445.651295 458.554863 439.432744 470.838815 430.221850 
389.415029 464.669652 422.417113 448.591758 410.520239 475.302436 422.021714 464.148352 
277.286070 536.888664 267.366975 549.557216 270.047298 546.863563 268.018594 534.249734 
414.311233 385.804974 416.106480 396.869663 414.233798 393.985195 418.557531 383.015670 
415.416282 372.818849 413.624282 399.842118 425.114177 374.636866 430.320744 391.672379 
517.590839 316.530029 539.866739 329.921583 513.513622 307.326489 502.547184 321.423231 
392.048541 532.610582 389.558903 531.451535 415.271550 529.720059 436.432163 520.905810 
312.901130 380.408475 328.194252 396.599429 306.317081 370.478666 319.101190 381.835683 
327.076538 300.817351 359.525669 325.569013 360.266926 308.196728 341.498448 313.964564 
263.522208 303.469820 252.836194 281.718238 244.563117 280.558881 252.585873 300.820015 
261.791264 299.973450 237.472609 255.308266 228.513601 267.591706 233.619276 301.594245 
295.744909 381.719736 300.332464 351.395116 299.617177 386.741854 274.963135 348.491320 
495.041258 283.081378 463.920547 299.837434 469.612335 292.198448 501.502389 284.250284 
357.020086 432.003192 373.953237 446.814286 365.389160 416.931193 362.541365 420.344237 
530.624680 304.799950 538.954150 336.890650 521.041712 325.451515 503.061452 316.104541 
245.382219 426.568745 259.601732 414.768278 228.280185 441.150846 258.713019 431.374176 
391.123071 449.532738 377.036723 455.142378 409.254900 458.400181 390.910071 437.180959 
448.431786 291.707972 483.628739 275.124383 452.796435 284.895092 464.873571 278.386047 
289.525320 230.071893 261.720567 229.455649 288.008570 240.724968 266.590809 218.004562 
442.523961 459.081384 440.124406 455.093905 449.182161 467.598343 443.591554 452.349364 
520.101136 435.802518 516.693338 449.349875 525.027431 451.152471 533.520872 446.753321 
341.051203 512.416637 335.596242 517.539417 357.382615 537.063854 366.140120 557.412839 
612.411483 385.450129 607.172530 380.460708 582.897361 423.116526 590.158531 389.821634 
518.591031 377.932144 535.080122 359.511099 509.385136 367.466378 528.929924 370.131554 
502.035964 465.514824 493.658960 482.191450 479.543515 492.866343 511.931197 471.481891 
256.963438 454.736242 247.323913 472.443988 275.521656 480.049935 261.815603 456.587207 
281.796762 500.075216 258.191325 500.624950 239.898724 532.904638 236.618040 526.340295 
414.829042 430.942289 403.184152 427.354514 407.381439 453.230320 387.116139 476.011678 
468.208308 446.471605 425.319957 442.232183 444.010394 461.959158 423.424205 446.727601 
463.930201 529.478474 445.686004 540.606751 462.028752 527.976543 455.408934 521.526719 
251.568441 438.463433 249.624281 452.350092 251.865425 461.623758 274.266762 451.543199 
476.819499 490.123912 489.881182 513.265653 495.572694 518.231963 472.548880 522.176019 
356.866244 455.916314 311.121487 446.597138 319.534991 456.436229 324.809934 460.908898 
369.519339 346.937155 342.541774 352.892857 332.458315 353.115544 348.374949 359.729619 
423.529722 461.186848 433.108005 456.697245 430.119741 481.290680 442.677894 482.458887 
465.186313 446.680417 463.877412 470.132882 468.147935 443.162340 465.833267 467.666837 
268.344948 280.541147 275.439832 265.686668 274.603067 250.700759 275.995756 272.957125 
443.135360 506.148990 453.888891 515.647020 459.759107 502.511177 457.224917 518.952733 
339.815174 526.060563 357.905092 537.394666 358.269556 528.048520 361.169529 531.523471 
406.326872 284.536517 396.104626 285.283100 386.753375 284.716160 440.238497 254.618582 
321.134135 511.472462 340.620600 523.638728 332.307946 531.074990 324.581125 509.157104 
315.380085 530.608505 338.844514 537.895834 321.795095 543.793935 316.140348 544.547436 
480.403757 544.226347 493.851505 571.909153 524.682213 540.844670 490.621285 559.854698 
336.228618 377.464186 323.986500 393.494217 333.804732 410.387316 329.028336 384.375996 
482.255848 446.858086 505.308718 475.723742 466.420657 459.312182 494.133455 444.616207 
380.191673 473.934933 363.153689 492.245963 356.857470 487.012393 379.718360 473.845184 
375.256350 297.288246 375.729358 305.756781 373.681423 297.808772 396.212490 273.297572 
255.497877 385.045667 281.804795 353.135001 299.223848 337.836964 270.129467 325.965351 
416.781202 409.675739 432.862318 414.971410 407.278319 396.054005 412.006857 409.482494 
467.210890 280.557028 455.249884 268.391657 456.193153 291.571575 445.072204 272.411913 
545.392317 357.783547 557.557429 347.734627 512.431336 350.996566 534.372722 334.070862 
289.674194 356.859493 273.168081 367.302487 279.178269 362.874754 259.966762 391.382541 
481.728923 482.305989 472.357832 481.176750 479.066860 489.505980 463.165869 474.766855 
286.861035 518.286291 286.766216 525.396027 279.092463 543.620741 293.482726 527.480900 
362.865752 444.653247 390.047872 440.713001 378.608154 467.926062 381.521907 458.462477 
298.180619 381.180697 302.994234 392.363776 291.465805 375.840687 315.098438 374.127970 
393.945534 441.972104 412.145336 457.726373 402.000553 463.336008 407.152638 476.426184 
438.275705 291.348379 430.015498 306.903964 437.450070 292.388361 446.421243 296.649303 
433.049946 319.360356 416.280389 353.241274 421.698153 352.966776 410.754827 357.381920 
507.270172 484.746822 500.288433 540.248551 497.566545 519.545335 489.618555 485.560190 
276.490008 566.173177 271.345760 585.753349 290.931367 578.990217 256.191224 574.098329 
371.590839 288.298667 368.917622 309.839739 392.261777 290.280760 381.778493 282.450055 
511.037508 473.707761 530.670750 465.322071 527.055688 471.313284 518.017592 464.519637 
410.618017 441.246979 407.967219 426.973362 387.611122 456.600114 386.798012 429.886625 
295.831827 489.707635 285.585012 448.375180 311.902635 473.708511 271.323272 442.431629 
324.732290 449.170202 339.861445 426.327181 308.440046 446.127922 346.659292 439.631497 
253.931418 455.261412 270.754658 449.526911 258.395013 450.739768 241.112083 451.299335 
296.454321 539.142128 317.533854 540.933223 316.549481 542.650024 323.580608 532.467025 
479.742766 302.034434 467.250627 311.809431 482.354571 318.734752 473.714889 305.547341 
490.296486 361.415436 467.202295 376.169933 477.472434 348.782865 472.060421 374.805385 
272.460211 473.618404 287.820180 483.319191 264.045895 476.210053 244.240182 460.113916 
387.666574 399.376432 402.583517 399.945363 418.468685 418.811107 386.753284 404.645068 
320.024533 337.150475 270.307516 360.080528 306.401628 341.448424 319.075708 325.609705 
248.293840 529.362837 288.356679 548.446496 247.366752 536.389403 277.616090 553.337413 
382.429473 291.221488 372.586019 261.694125 347.599393 275.380409 361.768973 253.895961 
284.723276 342.897743 290.542486 358.349573 304.510603 358.128385 286.805415 359.004923 
408.778217 378.231557 418.018175 370.263871 414.729271 348.453012 379.073182 359.181846 
409.949001 537.523446 417.801618 516.097571 429.984478 518.625807 454.453469 520.154144 
446.847437 502.492479 453.872219 503.874003 434.786974 518.364193 454.093768 508.242482 
416.321738 513.509694 413.364674 511.543577 435.765316 506.332861 422.822006 502.090841 
250.352242 264.226666 262.308530 295.583457 244.190836 321.532985 246.029641 303.245234 
533.372700 500.332293 537.316502 502.373448 531.440736 508.732369 517.616901 474.985033 
392.019914 558.292618 398.796306 564.416033 374.602706 573.120736 373.947119 562.841918 
425.514535 478.498839 428.174538 481.264220 436.604806 510.606278 436.586680 487.395903 
457.839718 411.944319 446.322447 396.326945 437.608881 401.214273 452.590360 389.321744 
290.833967 287.335657 295.881945 261.986144 307.664624 274.329013 271.243335 274.577886 
312.270980 358.580279 332.484168 370.117112 297.542749 353.967233 304.636906 353.232846 
445.045877 390.128058 442.917058 396.058810 460.812903 394.057949 443.783865 355.810081 
382.088863 342.941061 402.285383 341.642824 417.602378 357.838850 368.976637 332.039532 
341.422126 365.960238 306.427973 356.301024 329.981947 363.430654 337.100766 358.635320 
564.134042 329.121374 530.292897 340.056541 558.256501 345.976257 555.177308 336.051465 
386.619549 369.570385 374.839712 372.374823 385.154659 356.388352 356.152979 343.176580 
377.982384 462.854697 361.386399 451.017643 370.896512 471.746498 372.830948 457.089757 
371.209057 430.347252 343.103037 432.828419 350.678734 449.700391 354.460241 446.656684 
535.810109 438.614409 514.953113 479.490703 532.858379 442.859664 518.480156 480.213080 
255.102476 511.772694 247.862283 513.618769 257.501985 508.820105 260.610006 473.336296 
428.694812 495.674652 424.450864 486.331198 439.738235 458.771349 407.655237 503.984097 
432.378883 477.725301 405.142043 457.415251 449.730609 440.580245 416.357033 448.316705 
427.132647 309.307529 418.202469 299.546990 428.792468 314.850410 430.021135 315.808832 
355.410732 588.514040 339.725052 565.449118 340.935685 550.168758 350.090678 569.100838 
507.258359 469.522899 479.612328 518.388404 500.512281 475.572744 504.550146 492.908889 
440.944573 525.857572 431.255896 540.262735 431.717573 532.923358 430.716026 543.386657 
277.506494 316.826096 267.462842 320.483448 274.689353 308.498740 283.151061 329.814618 
356.546235 484.019300 350.798358 487.272757 362.715135 498.460753 372.454085 518.021383 
249.540104 405.929312 246.033499 397.100439 230.377347 371.184078 256.156305 416.223965 
461.115015 359.570312 498.695811 336.159607 487.995500 368.471732 510.337108 351.280761 
285.196874 497.519481 280.422631 491.427556 281.864531 501.096454 269.678715 492.344879 
478.302595 379.883847 448.296972 370.542151 453.872890 363.606913 487.522292 370.656447 
451.467986 331.126113 423.875074 368.741408 431.169424 360.194998 436.507541 376.968430 
469.388390 337.882461 455.993556 360.807236 463.386020 370.411399 465.091890 343.765452 
314.238740 417.643307 294.115855 416.053203 313.738787 434.378304 319.301167 440.956871 
531.019339 449.597194 528.805615 450.084812 536.170675 446.862213 525.077676 461.197932 
556.771490 433.201221 538.473859 445.481715 554.653627 393.786941 543.837056 399.628089 
331.720555 438.328909 329.305318 426.846180 312.118127 462.947822 354.459978 411.493434 
511.609016 271.757325 487.229651 294.160021 505.791438 273.296349 480.744137 305.215953 
225.608445 239.925625 208.696118 244.941309 243.915655 225.095929 263.110403 210.114223 
497.201009 293.595231 517.139276 282.295478 502.402323 284.553956 507.047539 288.273571 
363.260431 388.290884 358.656659 379.118485 359.352509 382.362602 352.428620 427.082817 
437.545961 460.984545 431.947786 459.150255 445.479141 444.002637 426.804712 433.784257 
398.425063 461.583844 414.107845 476.075506 401.477843 434.051277 412.175074 458.332554 
519.882603 466.686532 467.768638 457.539032 450.606389 478.133786 451.078262 456.279241 
280.799702 346.979555 267.897208 341.691432 287.839071 321.144490 286.498581 320.170897 
525.871608 464.669781 524.418232 452.592485 489.497234 433.265909 498.943476 438.858262 
479.778354 256.354850 479.190567 264.606758 474.448136 250.890348 453.273036 267.005561 
379.821107 399.617719 371.989617 359.514648 375.459773 355.396044 388.996636 388.515427 
388.926482 235.898301 353.930487 215.078083 371.946927 224.725762 351.160710 217.224104 
559.395421 490.651653 542.980422 507.334455 541.463298 504.515602 535.871168 481.763397 
519.240960 359.992144 524.077797 351.463687 515.190143 345.742760 539.407889 364.836428 
347.648780 314.905387 331.352514 337.613874 328.050554 326.437500 349.695433 343.544496 
329.874431 317.673916 320.949496 328.303891 348.972918 340.771468 331.053600 349.314434 
334.240613 344.450705 302.781013 328.260930 330.470202 334.457725 320.881469 335.299937 
532.657409 415.717543 541.417354 418.926068 545.719644 398.998148 573.671955 376.019280 
333.350822 279.427813 322.924768 298.871039 331.444204 290.357082 295.112975 318.203020 
518.105569 264.799075 492.380755 267.962785 506.352743 251.881494 531.808063 252.710477 
438.576660 349.069604 456.969737 380.637307 437.208974 369.776413 434.505873 335.496496 
269.535151 304.236221 272.739157 308.259106 271.626457 309.451630 272.544310 329.889751 
293.665502 273.554992 308.656624 260.730458 304.806002 269.554731 295.296929 254.891197 
316.354068 478.856517 310.672987 478.252555 329.487721 463.337357 319.376818 500.870708 
264.965841 469.688828 256.162733 492.841488 302.073184 479.633753 267.742391 499.151520 
402.521543 342.841518 441.468001 387.909411 436.480902 358.184108 428.633687 378.160160 
316.733043 505.797511 297.794303 528.228181 308.635813 515.291958 288.294551 539.618432 
410.324435 461.233546 409.147997 463.876873 400.863673 451.730526 410.899997 470.281333 
532.297623 528.899345 504.652164 515.984871 527.177239 515.916172 515.219428 518.249900 
194.223789 307.417784 204.563725 326.303007 212.657149 299.145616 202.503806 315.882649 
511.662677 287.917553 513.239493 299.217521 504.729756 252.791319 495.402539 273.873076 
305.071283 511.475907 288.822922 513.414238 313.560494 517.880262 305.472161 517.441126 
326.311967 343.377663 318.673992 360.242174 347.247253 345.945741 324.387415 352.506853 
247.342617 535.026996 235.928646 582.682608 235.355928 553.789649 261.228766 516.625978 
256.332783 379.407366 258.307014 359.256675 288.342606 374.279631 261.251205 362.652268 
431.132267 542.310250 429.185210 548.742275 409.713672 572.778806 408.229430 568.579319 
337.833061 564.583331 372.171449 542.368309 352.891972 576.129345 364.752428 574.040353 
280.218349 504.203997 255.957232 516.240072 280.746686 519.571219 271.056360 506.761187 
378.944996 498.052273 397.920261 492.312411 394.715061 494.094703 403.800445 523.724020 
552.496664 548.329617 575.288921 573.156088 605.341181 534.605826 589.651034 524.504837 
310.442122 297.842903 337.493936 281.929588 319.030846 305.709160 323.211266 289.630928 
384.767598 446.824076 395.006082 451.435803 383.474255 449.600287 383.208687 456.758337 
466.454432 554.612176 429.890437 535.646027 434.341199 540.192315 446.797298 547.794667 
430.148278 291.025090 424.869313 290.234012 409.664619 278.704582 404.629690 275.269891 
295.493128 390.540057 291.886531 403.023499 309.230977 414.837166 287.563345 392.978921 
395.044933 520.855259 389.520727 519.819993 385.769044 535.268744 401.970317 550.032464 
341.781441 549.171279 330.238126 546.866998 322.785618 554.755276 331.834018 528.698362 
380.698376 222.850190 381.957716 248.234884 375.911559 252.287824 400.586032 219.484455 
574.582739 307.563335 568.112527 298.418948 587.229271 295.818586 589.917567 340.599883 
244.095850 562.081329 247.906110 549.226630 279.404715 580.199031 252.561516 567.536724 
481.468502 238.803213 472.541946 240.601920 478.134624 223.749852 471.033652 208.878283 
516.360986 296.558481 525.954699 346.072259 515.029273 304.803246 529.701337 346.912843 
437.324047 388.765258 392.886681 388.111301 415.474443 393.389776 413.628385 392.612196 
504.517325 352.320284 474.351633 380.689196 487.106689 377.755463 513.487139 345.411544 
473.519234 294.239888 473.573707 260.384165 469.577740 294.700055 471.869667 263.621201 
418.571160 395.374741 421.154113 391.270150 400.372001 384.142633 433.595139 387.920222 
513.976336 244.692341 495.248461 273.649155 476.027784 276.665667 513.672432 244.334057 
295.964929 506.785969 304.741268 496.752922 303.331236 510.411155 283.857052 500.596501 
340.914340 419.489046 368.961917 426.012003 364.220447 417.759511 379.466677 403.595476 
519.484918 411.726870 525.722088 414.105511 501.389796 406.385845 495.969105 399.150504 
374.313007 239.519531 402.147579 237.745682 365.897745 232.006760 389.859360 244.805782 
394.359825 297.763037 422.025774 301.082566 434.759868 299.362542 425.418187 283.616454 
305.545730 466.653139 308.744943 492.730570 308.123426 440.261040 302.592313 481.224229 
456.300536 432.920281 485.207469 452.458878 470.982245 411.166377 477.301623 431.506314 
247.814971 290.768530 242.348634 277.369000 255.109849 256.030680 259.448189 276.138579 
296.824418 346.964902 296.244565 341.870336 291.412092 354.791503 303.743485 360.755886 
539.943734 490.071309 589.852740 532.402470 572.502180 514.509059 578.746277 535.667805 
494.705721 430.530329 499.954895 460.581515 502.815826 437.963488 500.718781 438.696222 
483.620170 431.847342 491.406137 421.911242 482.310418 430.996369 480.566329 424.818324 
404.678101 359.689806 412.778903 349.136487 417.268208 329.990029 410.909677 346.271353 
518.315860 384.678845 541.846258 381.021011 540.813570 378.967866 532.715088 381.567721 
287.021560 300.322871 289.008632 290.016834 292.153086 293.420405 291.264082 284.045859 
466.267184 462.977314 422.226458 482.254792 441.144816 482.307126 428.492623 467.891654 
499.236972 271.371461 500.874197 252.518790 499.219080 256.507214 533.505589 258.394896 
464.465753 525.969111 450.307001 560.400987 508.214428 583.554731 485.430081 565.838875 
500.107938 374.732344 453.504761 381.768655 484.834237 372.990186 503.504569 364.953997 
389.220919 394.195711 374.217370 402.030239 370.620748 410.433943 383.291763 403.732472 
298.160585 361.966447 319.575275 362.559095 303.084393 324.719637 292.954874 370.626224 
462.328577 473.931335 487.429857 471.872900 460.811674 486.588913 453.986270 503.452352 
606.616092 580.270183 564.991179 557.745453 547.586818 567.265655 556.463899 573.953551 
405.393104 452.736502 417.485942 469.473738 433.780341 461.428760 417.958982 484.925600 
446.960340 497.954255 466.792740 496.941711 451.816847 506.925717 447.916270 465.241823 
417.781905 298.194113 425.160384 278.105030 417.384577 284.026267 429.443641 289.765803 
472.132099 557.027066 456.862531 550.715126 506.376628 562.497918 479.070712 525.297720 
486.648883 335.390150 486.313215 323.648815 475.778904 341.822062 481.553510 335.846968 
456.374414 234.458331 439.765933 227.549197 457.129117 220.192341 451.352346 257.151023 
512.512783 316.115677 509.707865 295.303946 511.318350 300.264640 529.002852 309.624776 
310.508898 311.685951 303.477878 306.367019 301.622942 313.462068 326.288271 306.432938 
423.272525 319.350397 426.572655 306.852136 428.343361 284.078850 415.859444 305.140849 
368.801414 453.312468 377.054894 446.085100 359.865703 474.580002 383.875693 435.916343 
540.949344 455.120818 518.396605 447.339170 543.761234 451.773227 538.955487 451.157420 
262.876723 399.180905 284.954970 349.063705 273.686924 351.258689 278.764680 349.464993 
455.027990 410.870499 415.326766 419.170415 452.380692 419.495753 443.574027 413.109553 
311.978153 362.370783 307.493811 365.299471 278.990924 394.329294 300.227132 363.446944 
522.257368 467.565984 520.712682 508.428415 527.257458 488.875418 517.203233 511.516414 
468.093961 524.238621 469.016448 511.504462 475.996219 502.138394 472.901213 492.714911 
318.248287 183.634796 319.950504 187.012444 319.861071 200.188640 332.873115 203.786197 
308.235056 259.316246 277.505011 288.064222 285.948464 268.993658 283.176695 279.149236 
275.136298 373.533180 267.060222 369.728766 280.833959 383.681334 297.026484 368.791200 
296.912385 263.889496 318.615622 288.470859 340.638870 267.238994 309.408558 272.683892 
372.944331 556.468684 399.637456 533.868879 383.335308 522.786704 379.606109 520.509565 
533.032279 414.279391 533.902291 412.964328 502.369151 422.849520 530.656029 394.370033 
242.661417 407.817829 228.832587 394.157429 257.200763 401.858460 259.987419 397.808596 
508.584461 456.998920 528.588373 437.607066 533.899340 440.138472 519.508021 453.123663 
259.467744 569.408060 279.426726 557.804559 257.421707 552.764533 246.801408 537.794449 
513.044427 420.521316 526.916852 448.039928 493.377430 414.699948 499.396180 420.965509 
499.318560 406.420676 519.767341 396.676245 497.061784 368.640948 502.850016 384.317608 
329.856351 491.679271 311.349125 507.312322 324.653910 493.443811 304.524518 497.125165 
293.382344 419.767285 313.571025 435.618056 314.963091 432.828081 350.757721 430.372808 
287.681362 493.833298 304.976183 513.424410 324.916276 502.890841 298.022413 515.035802 
428.686688 509.293132 432.214302 530.362801 429.228477 515.315914 456.460819 512.505262 
343.290862 381.403901 338.317804 401.309546 368.490461 397.442641 342.298711 423.155446 
408.888797 285.932910 422.684364 320.372903 404.484641 316.322051 413.574135 307.979932 
459.319196 351.477015 429.180254 344.517429 439.469064 342.489953 424.415246 348.178679 
503.248251 373.448147 484.645175 342.400525 514.107420 394.859343 502.070964 365.199310 
517.585756 312.381990 535.553267 287.634702 531.910944 292.285677 577.021410 281.529110 
298.430470 251.607089 278.333977 241.698426 289.874347 257.905674 277.070355 280.564522 
396.146258 271.471008 386.741748 290.842293 390.488729 250.000424 377.731245 272.017685 
330.480609 545.284756 351.756226 492.126775 331.383346 529.653727 334.177135 525.691645 
401.050013 490.047012 442.133943 529.588592 446.427749 517.345255 437.233442 503.366557 
548.767005 433.041011 535.635281 428.263630 556.000913 430.733993 532.836360 429.015611 
412.785601 209.831466 409.359630 231.241575 433.445447 210.238635 427.129434 223.079868 
518.364916 357.731665 515.459416 368.804547 515.635687 341.311856 528.623415 354.314099 
579.404486 432.590899 565.137892 448.714249 562.432907 417.709407 569.227394 431.347113 
522.249599 207.369528 525.101599 214.369865 498.659122 241.753633 495.478459 220.451075 
448.406891 505.248410 421.743403 511.458009 436.477462 522.894593 431.636271 487.140241 
337.513494 295.788675 349.840118 297.707484 325.916721 304.615775 315.803219 310.106555 
344.560239 285.064580 305.423327 250.574411 332.042468 265.194656 336.819861 272.546935 
439.237288 261.997226 470.788028 265.779202 413.593153 254.858916 419.263122 263.694380 
344.611265 538.361367 337.895000 532.362987 338.432294 531.749747 325.737834 526.350531 
351.480771 305.212201 339.671994 321.505907 337.131388 318.006681 330.459117 294.298635 
476.036247 385.854221 486.682440 385.541984 479.575143 383.954710 505.602824 358.618974 
541.139482 398.522758 552.177838 408.063203 554.317281 414.009942 559.442179 392.587848 
415.871051 402.214989 410.313795 396.747790 407.128113 411.222254 416.366424 376.941235 
317.713300 308.908987 325.417394 304.216403 310.117625 299.323798 325.424924 287.276038 
197.310491 445.632537 212.050328 442.129339 189.714479 461.835202 219.917825 416.406415 
523.783767 417.491455 516.586173 444.532777 518.714251 436.889124 534.964072 445.721772 
312.047509 293.455762 323.881972 296.956060 313.214913 296.752608 317.394589 283.839145 
569.767552 273.185409 569.888130 259.863336 555.008899 260.799709 567.844514 261.353647 
402.489206 518.018185 400.773156 500.792740 397.322364 536.387652 395.113207 517.307347 
513.309185 339.464509 495.321831 400.351972 483.313806 376.945423 489.691599 381.388630 
457.247405 461.708950 449.919178 450.745927 442.716057 468.913718 459.163603 453.329437 
343.982110 535.892028 344.613263 528.345348 346.514811 543.543027 344.603360 548.218318 
514.531880 346.985853 479.920636 360.947205 508.787066 387.012320 524.014848 380.297987 
455.347209 371.582734 449.561926 398.908658 486.293178 373.116483 455.463617 388.475350 
435.794977 434.003377 454.685021 476.983059 467.703035 481.549960 461.350063 470.352820 
333.731487 474.423600 325.314901 468.544470 331.044046 446.251397 298.302811 422.663998 
281.690275 288.989707 281.776387 268.311838 287.502548 307.786113 288.134306 300.782512 
506.090337 240.646055 467.492937 241.825704 488.330806 241.744467 491.338395 229.733143 
389.282870 344.413904 408.821171 348.141420 389.877588 327.097475 419.329812 341.970619 
414.473981 251.570888 420.529126 250.581717 430.302906 221.495446 408.518943 219.669175 
451.310496 408.851557 463.154789 420.485493 455.307923 453.513479 468.790525 443.364446 
531.905249 405.724147 533.498143 415.679945 559.729027 442.602878 534.204702 387.823559 
412.769987 299.014033 416.560503 306.240221 415.750475 306.313878 370.934630 266.764361 
422.952229 299.182609 437.450850 285.157266 428.787695 307.246613 436.147068 290.121290 
251.143440 307.767642 259.708491 315.496044 254.240876 310.734113 226.381379 281.974548 
449.202853 519.544286 453.411827 531.292416 448.809127 531.741446 462.164698 535.327336 
269.782110 394.670017 269.201721 397.884415 251.226776 364.658634 260.723226 358.053842 
434.532253 328.467188 440.894699 347.238205 450.871141 353.500509 475.302864 350.590096 
431.517285 553.588264 431.633419 560.920271 450.500704 539.402938 414.358015 541.863849 
516.009520 451.577612 534.688021 438.515116 533.504650 459.243138 538.931784 438.107463 
351.365158 318.133238 345.124178 322.382937 350.212929 301.482165 338.621892 311.446592 
530.470775 375.972122 509.002864 377.025389 504.212436 386.226862 494.704312 369.525617 
321.291059 524.893378 320.405720 530.997237 320.337098 520.282390 327.357035 553.027635 
446.401454 364.548739 427.343559 372.337913 419.778492 369.437282 451.898040 369.219217 
387.451822 346.735406 416.574432 355.795231 360.204369 361.407052 393.404538 353.255077 
501.337031 437.013448 454.994859 433.478738 471.049405 454.293478 506.964328 413.034182 
377.079342 250.869745 358.441336 248.745592 363.465281 298.942806 357.226791 250.579570 
506.521021 330.410393 527.892223 268.075703 504.535980 286.857261 532.786691 330.042749 
288.801493 483.185324 287.384529 514.022578 271.495948 487.027296 291.236059 492.871694 
320.919842 345.847748 283.227399 323.939349 304.933342 347.838391 319.068363 364.867677 
461.149012 469.416567 477.413429 474.011534 425.542512 490.389552 472.530915 480.934278 
523.837589 390.169431 504.088611 400.216757 547.501723 393.653444 520.926223 411.213146 
521.180874 269.657595 523.727835 265.615248 524.420170 286.387201 520.955060 284.022387 
339.449659 511.054025 342.316263 506.327725 341.977032 484.269838 346.195879 515.796673 
307.054427 258.598475 283.779780 265.640911 292.632132 277.878769 305.227946 242.879648 
303.924554 304.967623 288.824971 305.550601 305.241485 299.232747 305.711162 282.099033 
427.292930 415.394549 457.864717 409.894791 402.905816 413.750628 432.261561 422.279099 
492.375545 347.619266 482.628232 367.216027 473.844221 368.449911 479.009391 339.452077 
357.556710 531.876543 352.396740 505.453334 350.749722 515.499762 340.635211 507.869552 
487.136469 263.281430 533.830018 247.630116 479.462806 269.920654 494.452422 263.943509 
323.152035 348.474975 320.365960 322.948003 313.899921 349.495606 347.213718 337.488052 
490.788957 326.544879 466.314977 349.222109 471.592966 355.721059 485.757163 335.155585 
237.503728 448.312779 259.996743 428.766720 253.678222 459.634409 252.905957 443.703684 
293.976323 337.731256 277.572378 331.899120 276.048419 328.676037 306.455608 327.715177 
323.272335 391.721616 312.397407 413.134371 321.527768 398.377034 306.797119 400.602742 
301.753210 481.613509 275.573166 475.672377 266.929711 461.063267 297.243618 476.972112 
546.263599 426.572858 532.210857 436.669086 525.624558 448.182238 528.219581 431.987704 
465.685731 283.323893 458.690620 275.271647 477.091291 287.482645 473.362818 300.168469 
357.024268 425.666285 371.962397 425.716340 357.939197 421.631419 366.978366 441.401800 
356.398997 285.447298 345.959894 299.177792 310.854436 301.405968 335.638074 294.751760 
546.346245 343.013874 516.221559 357.611174 534.558671 351.453830 534.600099 363.829414 
481.254238 446.371689 489.295320 418.678656 492.181306 446.281286 470.529088 442.093058 
358.964556 561.609993 359.568187 557.735353 385.498403 566.563343 377.811542 561.686319 
316.295686 225.883051 320.954927 238.912496 308.178403 227.541705 342.994524 255.735446 
370.861442 551.171494 409.487653 554.787961 363.762360 559.193224 416.732082 536.841983 
286.647195 468.037751 293.512203 475.100807 266.944729 440.831623 268.551221 474.549516 
511.714343 417.318574 506.052246 432.067689 528.134536 426.207944 510.156334 402.968358 
445.304298 595.371214 431.759102 575.969324 407.025540 600.338647 434.757562 602.745074 
510.931737 234.460904 472.505720 230.673177 472.994328 242.846510 483.134157 226.021546 
412.685292 533.000764 414.194317 511.897457 434.938279 528.642542 463.233601 571.222198 
285.836482 508.955579 285.717471 498.950275 299.322845 494.576737 297.631946 477.540549 
414.259310 393.586248 407.546341 364.226033 420.452573 374.486688 407.881935 388.766798 
372.912748 449.185668 343.339495 469.196411 399.362318 465.869482 390.087575 466.961004 
362.289735 551.358375 348.722298 548.827270 353.467479 530.081707 348.627190 555.399782 
565.419212 240.443032 565.864532 241.079031 512.072242 231.796998 578.485491 268.286730 
414.943132 435.547066 402.679818 424.617596 429.162968 430.429228 404.737261 424.963366 
378.007305 517.029210 380.282242 537.520915 362.548092 583.792999 380.731166 586.958905 
499.547297 324.947619 511.760896 340.200357 493.927815 324.162773 510.039333 338.224249 
466.096383 495.843122 447.139886 484.629251 458.406741 486.241512 425.919968 484.189966 
295.221830 294.459663 314.310893 308.704198 308.032364 284.363541 325.524428 300.889152 
480.906284 485.256003 491.254884 485.514189 496.214353 488.151107 527.201271 471.661990 
527.667051 263.088601 514.302897 277.949130 522.408288 256.482963 529.300860 237.586156 
438.320071 283.968005 445.893937 286.683252 446.703800 280.573492 439.709319 280.705402 
567.536785 315.687531 577.424950 335.999378 568.334147 346.128221 551.055364 338.714728 
272.220968 302.939760 278.716414 306.925041 282.098189 298.510365 261.291364 314.471243 
335.524816 440.305974 326.016345 464.085225 293.862698 455.260163 305.563565 468.469335 
567.401164 474.774582 564.308679 439.950994 553.842901 477.293092 568.227179 453.105857 
390.525143 240.073622 380.478479 253.115991 383.278896 227.881976 330.371303 240.722542 
365.533175 356.923691 361.000753 344.555926 351.269545 356.394666 356.150767 356.216240 
302.939514 316.323720 336.334887 297.918107 300.476582 304.936937 292.687770 305.524291 
297.095387 492.521091 252.246157 458.105223 284.261133 476.710210 287.720352 461.050092 
359.000571 438.513589 364.369361 427.717755 360.992499 431.706863 366.155151 423.753771 
495.547509 268.763932 493.801948 299.449365 506.616951 290.537114 511.891644 262.130495 
291.556702 332.985803 269.659620 314.218282 298.455622 318.584821 281.935550 325.905684 
481.903144 271.053038 492.181718 273.942624 468.093198 262.135062 475.400488 276.370518 
464.728389 293.423646 441.700085 314.045367 457.382277 296.221046 466.015411 311.114864 
406.511686 450.625070 402.091829 456.654397 460.225647 474.349212 430.419885 468.901042 
530.611016 261.526972 515.131040 303.089513 520.881839 274.481461 529.313048 281.436349 
486.519927 459.908855 504.283409 462.391541 500.502468 465.834533 515.720430 473.099005 
540.267813 429.899420 552.499803 418.804191 552.652736 451.487588 538.080481 436.348700 
295.949106 471.496974 274.084056 467.281455 280.358834 479.964858 260.287336 463.280977 
500.164004 373.821791 475.854086 359.526587 468.626331 365.075196 490.802124 377.274662 
528.377338 321.137825 562.363238 339.194837 521.629363 324.096428 529.220394 342.053304 
338.639073 510.406757 333.439607 506.890863 365.521377 501.117890 366.087357 509.861926 
438.254477 301.712851 423.055463 311.858581 424.816414 301.964415 397.361608 300.247290 
299.439144 534.952635 287.184153 527.615947 292.733501 531.904681 310.282922 497.532210 
321.835258 334.094918 331.274464 335.093060 334.666097 366.839327 355.150929 360.898337 
317.598912 552.098896 275.690540 566.238338 323.482963 553.001279 307.864222 542.590330 
439.220147 386.469948 475.795804 395.011303 443.196366 393.878122 454.352715 405.550577 
297.768248 295.481052 292.884797 305.744252 287.864859 302.075211 285.351166 328.672530 
346.121195 240.217737 335.855363 218.576080 354.113761 214.509976 318.054573 214.023348 
288.859085 429.439062 288.798269 437.707180 286.368554 425.561170 289.499498 408.804324 
487.567030 540.801556 470.434082 551.381215 512.859847 526.283072 489.235437 536.837016 
233.652195 254.271077 236.890777 263.689104 271.083212 246.369115 264.556027 265.104019 
407.358757 526.379090 380.543895 532.390800 399.679518 522.283213 373.097263 527.290823 
547.249602 299.951996 545.957273 292.974764 539.303480 292.139702 553.368316 281.361429 
452.768893 314.970681 474.282632 315.601008 436.454132 283.853064 467.924231 291.453634 
534.355043 545.564449 528.836265 516.848495 538.769034 530.279757 530.725641 526.873774 
505.789085 503.029217 488.609691 509.963234 500.829742 510.354761 496.856807 515.010189 
478.680822 258.002331 483.810338 290.115444 456.942736 291.847287 448.259626 293.461113 
371.674836 322.669629 405.857387 296.299007 388.950419 315.776663 375.279088 303.546019 
448.242261 567.139056 446.717899 549.523784 444.528435 598.460149 444.033134 574.642245 
456.563076 352.405531 465.501136 359.645804 441.392803 370.876064 478.493631 331.653524 
533.049726 580.986787 527.229760 555.193550 528.221585 553.860967 525.016857 564.549900 
493.414625 371.391019 504.748425 377.642051 475.490419 348.259592 509.690207 391.038929 
233.670099 442.199724 235.247278 465.144009 203.983335 442.419179 227.953025 464.661074 
284.242874 331.822412 288.701431 307.875201 296.912179 330.623577 274.620776 296.538276 
386.794769 479.910271 373.101594 469.110612 378.819750 486.926039 390.232766 457.699121 
434.064057 596.374425 431.152415 574.592890 418.661396 603.877325 441.271046 574.909055 
268.504825 492.825963 240.274992 492.150175 273.902711 484.827525 260.894298 517.647365 
426.650595 510.655764 419.797532 500.877416 430.100614 528.398846 420.487464 476.615955 
521.186711 453.848852 547.636696 455.980072 570.161015 461.220724 544.883159 457.880519 
390.385311 380.460238 447.391908 360.785232 417.108162 378.912637 390.476632 373.841440 
356.150587 382.870549 338.996532 384.049107 348.148069 386.013229 376.117660 393.421178 
440.499264 393.586220 452.639455 401.728293 483.096086 392.898136 452.261978 349.344729 
316.381339 447.569706 330.680655 432.173900 317.698930 440.883700 316.231408 433.229735 
358.344891 244.104204 349.746747 259.632850 348.782497 261.911879 339.040258 249.130642 
380.617752 464.843989 374.679735 468.534391 388.990376 450.072829 365.330297 460.374136 
396.284632 392.708696 410.516167 407.752654 397.257116 431.217585 391.185641 397.254467 
565.367247 316.757183 548.018963 327.928549 564.987248 306.759306 548.749912 365.067027 
479.678994 237.523321 494.223043 231.631660 486.188863 243.272354 510.277776 224.927019 
533.958737 436.801200 530.841525 451.429905 529.469379 474.625250 540.083244 462.248087 
288.621971 266.300568 283.271502 306.019036 295.048120 293.457406 293.788199 269.174471 
256.744434 482.003988 241.863638 494.043270 243.809356 507.421439 231.868836 509.749673 
450.837619 283.583868 433.669673 267.142810 437.886032 284.798127 438.716933 281.820578 
514.086137 297.273997 509.483517 302.742725 503.883022 305.012943 492.249718 304.273624 
308.242905 371.334627 301.966508 357.560041 319.284808 348.822000 299.017010 342.707277 
562.717843 367.157380 554.714051 344.910334 559.442437 363.309850 594.507113 353.991956 
489.605531 394.447481 453.818208 400.638676 443.671982 426.500480 480.905855 386.333175 
560.628204 415.487653 572.180969 422.597693 534.824365 422.543806 546.558736 425.970848 
229.188701 320.845160 230.145448 332.649776 197.652308 325.886850 213.868446 327.294792 
567.684382 526.220863 582.718203 493.964543 586.203596 499.444363 559.390296 470.116950 
494.509212 454.857069 479.763372 491.975122 477.935263 494.356904 496.752649 477.569850 
340.647820 259.783937 353.996373 259.670645 341.864915 257.606226 333.841374 221.434129 
491.675571 311.278168 514.678379 304.480532 514.964288 324.658564 518.639773 310.264641 
365.212827 429.073518 354.196549 420.137151 374.327159 427.695465 345.893183 430.383285 
290.451288 495.732884 265.347672 519.457204 271.986677 510.361371 284.435750 528.260237 
320.651002 397.209530 320.189896 422.765709 336.054110 407.285608 318.583251 405.381900 
281.067003 518.239032 282.373048 530.375464 268.499015 517.763944 281.717509 528.107938 
316.362617 329.438431 293.495426 359.317036 322.095643 332.980599 324.504357 346.764927 
339.531238 250.974787 340.523270 272.295455 334.534893 265.948423 374.109859 254.935733 
417.292593 525.893475 411.546533 519.634579 415.266369 519.130793 395.315932 522.084160 
285.341505 282.148872 279.839314 281.263130 284.669466 298.171517 287.645387 270.395232 
251.297396 399.909135 249.202482 405.449145 216.310024 408.215366 229.989142 384.538476 
379.413039 441.973715 390.258443 438.585043 387.866619 469.310648 388.288895 427.420352 
372.904795 335.305808 342.727756 368.172133 341.089211 371.409870 365.335722 344.104704 
364.327605 397.063766 334.236033 421.019706 336.105928 404.231674 356.718298 399.086263 
470.245510 506.323032 465.839637 491.272688 465.118628 525.905485 466.008392 527.846227 
370.926983 439.427560 357.461172 433.831819 385.674880 426.796430 370.260339 423.209053 
380.428956 276.479555 376.324257 287.067849 387.695568 232.916263 406.256762 270.490492 
449.744567 521.341971 443.385464 554.241883 449.590009 513.358668 470.233564 510.433960 
495.505683 450.439696 488.862641 432.383064 522.936890 440.037105 491.789088 448.072844 
406.380322 493.165486 408.235851 485.237241 388.971085 480.271674 397.178191 482.881989 
547.216715 318.516539 510.737289 284.806527 509.662649 309.408092 494.068541 300.376404 
406.981256 319.017613 403.217988 314.446457 409.040705 308.673081 405.400315 322.703555 
540.858809 459.011630 535.650816 441.925921 544.073099 470.493780 585.008961 436.110167 
504.251529 530.153081 474.503846 545.945807 474.516283 523.016546 503.953285 523.204814 
271.808930 428.025767 282.216976 436.016386 269.562470 429.137134 271.614829 443.232042 
323.800658 249.523677 330.885888 276.769211 332.592264 266.407158 323.674480 271.376546 
231.200894 331.953443 273.185995 330.632214 238.149199 331.552011 237.665393 322.234088 
531.849375 388.279713 509.190222 376.370455 516.007428 391.988208 518.788591 418.302010 
395.053249 283.538670 388.500629 267.109831 362.879246 275.105031 379.596233 284.223101 
344.684999 329.999561 363.777516 364.693372 395.572980 352.482626 380.544619 361.631680 
461.502614 496.318326 458.113036 474.159568 461.349172 488.743371 470.811055 479.483238 
290.016887 400.785490 278.442616 414.987282 291.760703 418.621538 284.723008 413.487680 
487.974881 347.201048 483.444474 366.174610 503.256011 366.806572 492.329659 340.639505 
257.176438 585.567475 248.180882 528.792059 234.486538 553.246231 239.432374 601.176139 
465.075445 346.342283 478.085152 338.876259 484.518620 332.592922 470.037698 356.322718 
462.957247 480.876820 462.399123 494.412929 471.592342 513.776778 464.246736 493.676403 
303.229020 536.647597 308.090830 522.239641 334.252920 519.417627 307.764997 503.907256 
288.016669 368.395782 300.881209 370.872503 292.654999 379.796781 276.994837 361.500812 
398.359716 444.502618 400.878598 472.024232 407.391175 487.401457 409.300560 484.887756 
263.997547 411.076988 251.080727 408.995729 257.057444 411.198547 257.932395 397.403930 
351.378330 574.343432 331.989804 545.654705 350.156071 553.132879 355.686355 556.037422 
339.460968 233.591406 356.571799 276.652422 360.816604 270.605087 344.973811 262.153123 
458.709205 432.981108 465.622332 417.985466 453.881171 417.700693 457.628125 424.428537 
479.123821 460.389804 458.945093 464.191505 479.563748 445.567144 481.083448 444.932723 
384.463532 328.117541 364.562291 328.194531 383.314749 334.171478 379.030819 331.058173 
522.291115 387.605975 547.019073 393.717482 534.435075 387.113388 516.707751 389.557526 
273.610094 256.517735 301.619206 250.783111 281.790844 235.263485 294.543110 263.399779 
381.303841 533.730899 347.362001 529.216252 398.748060 561.123606 387.598561 551.575458 
321.424499 426.563136 287.051757 434.077680 281.744898 427.258854 293.723814 438.235921 
381.507589 513.996097 383.069164 483.958902 361.148030 491.383434 413.038287 501.225092 
311.234521 512.883571 340.298487 521.977245 315.152798 510.262233 334.489883 517.284026 
493.348159 250.079682 493.554029 241.978770 502.314122 284.418234 473.624085 247.565415 
468.046376 564.320514 486.222275 548.537258 471.816841 557.540020 484.497590 551.192711 
353.625932 450.157362 365.215100 469.466735 359.550228 446.789577 334.185978 429.373793 
336.669322 280.811219 333.675837 278.885795 344.110277 273.280278 344.364594 285.963730 
287.154027 353.001903 284.308610 391.389360 288.683418 372.093064 272.699349 368.702755 
507.128996 399.340944 527.116580 420.681048 517.822184 410.713074 518.273322 408.925083 
298.186867 273.773835 266.516991 280.481725 288.020160 261.015090 303.561286 243.080031 
323.135967 354.861899 320.505051 378.326421 351.638560 350.108105 331.305263 359.301108 
548.643863 476.705310 529.871099 481.087831 556.537240 488.364833 524.831714 480.894270 
359.699979 519.567805 385.989933 518.239927 373.471039 506.220970 353.475875 538.741962 
523.392723 383.801047 546.949548 385.779037 530.467466 378.512197 551.851863 401.590875 
327.127607 397.597164 353.441569 399.398776 341.161480 385.993843 324.710705 383.389824 
301.589207 286.954325 302.448588 284.176156 274.991406 313.162119 273.727016 316.242746 
405.297950 382.430869 443.131139 344.769316 441.344250 337.303597 397.886615 373.501238 
548.331667 473.949854 581.175833 499.818525 603.501516 474.797224 569.183432 491.118294 
315.669210 472.834849 309.760963 464.352699 288.861504 454.438631 314.593578 454.211535 
387.581716 390.561909 381.796393 375.737415 383.076816 396.539008 347.868373 398.444386 
472.856628 436.286666 477.194404 444.174928 468.736343 375.701584 474.802083 400.776234 
421.065446 485.284378 443.885286 489.550339 429.649887 505.067378 438.145643 509.633034 
425.342363 250.674308 425.136933 254.840489 409.925128 256.549247 421.040237 261.228765 
342.332436 363.688849 355.103454 376.738646 363.194317 357.726423 352.195300 379.739359 
491.302341 262.645684 470.924824 288.675386 475.304495 278.298303 476.203182 278.008254 
245.265636 454.259050 221.287321 432.231631 237.460686 463.310772 222.512171 416.404860 
457.116333 505.490733 442.847252 494.932878 438.104285 481.680766 427.627682 473.463393 
368.034571 309.998390 381.201527 329.518189 372.859025 298.788271 376.125138 292.969111 
565.954698 342.380324 539.465359 344.941238 545.557718 335.070812 536.756589 334.847068 
278.379503 334.102778 255.963263 296.440711 280.476016 335.131254 277.900473 304.599499 
404.181502 348.863904 405.014265 360.416200 391.633019 342.604038 410.788808 350.171627 
397.108960 296.146108 413.003756 304.491016 387.956119 328.749755 402.589870 288.625300 
256.702506 498.597252 290.254432 514.721999 267.652913 518.642849 275.504766 494.931842 
419.854766 306.523800 435.920164 295.975456 466.467144 283.379002 446.228702 268.876141 
540.083955 437.640977 537.910081 436.168796 547.166495 439.802150 547.077606 439.763574 
464.269516 441.363270 459.080285 433.505614 425.049408 399.886454 460.740979 420.575400 
301.954188 462.071307 307.823581 430.796015 307.153075 426.775848 314.133352 445.262474 
399.833222 415.281316 399.645524 421.731278 393.762341 422.008124 404.637414 406.260861 
538.913781 396.889713 553.796395 425.532747 546.853380 420.935614 533.335112 433.772566 
373.093818 413.670351 396.800120 391.390471 398.236642 381.293863 425.235244 401.823406 
409.230382 289.052961 393.450311 290.691993 425.399341 273.413450 397.738827 284.762140 
441.991486 497.648046 444.490230 500.984082 443.475207 484.586981 432.636081 492.943607 
353.534245 363.163715 357.702728 330.088969 358.850024 372.419333 349.009605 337.232944 
396.674975 561.937346 382.939833 559.811413 397.243661 574.189971 400.978399 579.442457 
225.808989 407.367984 227.717517 385.005548 229.820176 402.354974 219.711230 377.049269 
461.343832 398.869227 436.621729 381.177657 476.900514 377.182872 425.733477 409.197346 
512.426219 359.528031 507.495660 324.870370 510.236714 345.053628 493.046970 352.659239 
268.928928 331.678999 292.283410 322.991390 268.712120 313.268793 272.857066 346.747972 
296.452652 325.658372 287.627086 335.844425 297.347393 314.243172 308.195750 332.396914 
447.041297 305.855125 420.507961 309.457758 440.741814 309.142874 396.494356 293.157690 
508.301236 312.717298 519.080002 291.949816 519.695047 294.819476 517.178741 307.224959 
275.047576 437.853549 266.194372 449.525540 270.301344 408.773831 278.482476 419.179068 
383.523055 370.115610 387.999839 389.990993 383.113964 383.145856 357.375485 365.077268 
340.202585 436.194765 334.706052 407.777529 351.603543 446.073230 340.105494 441.496586 
329.118080 497.698390 368.361488 497.873191 321.630826 495.571618 334.891334 498.038854 
420.950674 464.651397 454.305320 470.266434 406.007181 460.395274 412.227741 487.001255 
385.436525 273.704302 397.807099 261.275574 379.389562 285.922422 390.159533 321.937320 
383.295349 236.572979 400.985857 259.810822 425.166943 261.074962 383.189425 264.869284 
212.125698 424.603454 220.986625 400.891934 234.622896 388.407348 234.610495 381.581152 
264.035000 386.900476 268.865986 409.219041 281.804841 417.224819 279.778338 403.551294 
483.666387 474.964940 487.583156 524.740857 494.977880 513.192506 477.541337 499.013904 
318.386533 341.038848 302.757904 315.739605 292.814877 331.314818 304.856211 328.319369 
274.779025 490.083411 265.657159 470.625507 277.935827 485.299272 261.335212 460.554976 
535.040296 505.932420 571.727966 478.986859 532.165804 479.918045 530.480293 511.194187 
539.124830 327.752939 534.415483 355.155584 537.158016 354.966932 530.131821 317.213034 
439.765389 429.837709 438.566624 414.569012 429.683056 429.027731 427.903607 431.371741 
496.459451 300.478879 477.036720 325.956144 489.728834 319.368219 486.849147 303.305495 
477.789619 271.733296 473.413750 256.502808 462.804439 274.379614 473.876836 266.003915 
541.076853 440.657300 527.014861 446.243481 528.212300 451.687528 533.443059 415.245225 
451.963599 470.032510 473.323978 470.690342 471.936399 466.963406 499.170033 456.781704 
276.778361 499.976890 266.116199 496.347848 283.485535 484.679747 262.939016 495.943447 
494.018128 493.497910 485.611359 502.635573 488.735529 470.228064 477.182396 492.793953 
539.173088 493.025256 560.340107 484.892881 533.817449 501.196038 547.611469 506.469725 
284.639189 493.454119 254.701734 493.056787 277.676205 490.917497 306.852590 500.685585 
267.341958 506.296549 263.927802 502.146054 279.155664 508.443077 289.635017 491.112098 
239.800122 254.558944 240.615560 270.738747 260.143997 256.043967 296.063562 256.850342 
290.875507 305.446311 324.105493 316.343201 312.355752 326.687257 307.111721 308.754488 
489.504659 354.814174 499.038986 330.855823 504.128384 379.562387 516.707607 356.505854 
236.175974 397.915791 222.278048 377.396559 232.393927 396.751411 231.970337 396.970289 
496.380913 328.968477 489.334804 330.914232 522.509781 344.202768 501.140655 334.222035 
348.691371 465.915826 332.487704 474.120651 357.663503 464.784757 326.579041 457.749867 
457.126496 495.797280 491.511849 459.567675 488.789843 476.156827 461.040276 471.114472 
376.933182 375.289156 374.158510 368.071372 392.731028 401.216161 389.758265 417.422411 
282.043811 565.014527 306.668056 583.899477 325.390472 550.331284 338.034889 549.712525 
320.283086 477.990198 287.064180 452.597957 309.320526 479.773096 312.879955 483.407093 
502.571234 272.418291 508.509552 299.354051 508.573321 270.333940 511.573242 283.065044 
409.287349 479.238975 402.812954 464.506223 420.857751 480.746568 417.243299 450.022109 
430.547735 391.169090 417.256897 381.947770 442.942450 383.563293 451.726620 389.108781 
552.134559 409.264012 557.955771 392.188069 509.209697 413.661003 537.482233 396.339665 
388.305984 603.638694 375.737872 578.199499 362.373743 584.014598 374.850273 589.648331 
384.538994 378.649444 389.441253 370.117278 375.247984 379.629486 387.315494 371.023696 
493.698990 471.018439 485.910702 473.576893 464.455140 477.026580 492.732011 474.175412 
364.971215 496.697350 349.763332 509.871864 371.712186 471.035998 361.715093 466.046887 
516.386894 337.267509 493.414097 352.184299 518.657367 340.268826 510.815606 301.796716 
312.544773 469.698300 294.544038 452.974434 315.846686 444.111558 322.663867 445.988501 
218.830203 614.033137 243.703212 586.438674 216.032749 561.593877 220.869116 609.770949 
485.443760 269.884569 468.772806 275.016426 496.275449 274.678768 472.679034 274.164472 
379.002555 386.004333 373.096076 402.380919 362.354736 410.540612 360.705467 405.823677 
473.470903 537.630308 482.199908 578.042715 489.221785 574.210452 491.229188 532.762811 
314.404745 248.482509 319.153398 254.201243 345.729879 251.221431 334.604936 233.091457 
376.774833 268.359554 373.749599 258.791229 381.372058 246.033365 403.323888 230.940964 
504.710021 489.125733 523.477913 491.380417 510.231497 494.936761 502.618293 509.115373 
425.804833 319.767997 420.458594 295.060299 444.733936 279.100050 445.002931 291.691843 
418.702978 380.081720 391.912786 351.877494 422.422441 341.771652 400.359512 357.450656 
486.193014 219.226433 455.522224 243.549013 444.293585 236.173228 494.548030 253.633414 
364.742750 382.678363 363.820156 384.793634 352.236830 402.015854 376.954757 385.108413 
310.614767 368.597032 324.527144 393.959545 333.605710 367.304125 314.119943 361.189312 
274.128018 440.773330 283.146967 393.271422 278.600092 435.495846 260.371124 409.059208 
405.533842 521.628056 378.056133 511.910270 387.437190 503.787378 371.960469 502.177474 
475.205884 443.857344 456.428329 461.140190 448.416071 448.367535 478.646081 440.891221 
364.738774 292.485410 386.656641 307.962112 372.333960 289.243397 367.347077 305.709731 
358.517739 258.425891 367.486025 249.628935 370.309829 277.947092 355.652888 286.039990 
244.218516 306.546415 215.050764 288.704833 245.684811 291.775692 196.832809 263.602979 
283.221082 379.281432 305.704122 363.349570 305.216086 370.481728 297.153573 363.196621 
320.011314 465.471872 347.090331 445.457582 323.135958 440.507830 332.258964 432.024000 
245.597595 479.069167 232.105831 490.361764 256.422212 519.026439 242.036172 509.582328 
268.362890 508.591635 278.038089 498.541540 275.868758 485.537651 280.346380 481.687168 
471.805824 296.046502 462.112496 288.082593 474.715359 283.087045 488.330749 279.945165 
537.082605 393.571554 540.354851 389.002253 534.425810 388.423303 483.144203 393.055342 
491.219548 371.775458 492.834332 361.995514 470.839484 379.072195 466.974147 374.995720 
336.077560 290.075614 313.181763 272.268344 332.810095 277.067039 300.657345 269.905439 
533.366085 478.915042 558.786238 499.181581 549.655358 482.492381 539.977521 499.543496 
328.285005 410.894605 301.947515 429.965716 312.082935 421.384905 298.390496 429.580014 
412.148242 276.777502 409.945192 269.632634 412.979845 282.180320 447.989584 291.522369 
274.140437 261.711503 274.182092 247.954204 259.152526 244.285776 263.202908 234.112004 
432.073094 348.881743 388.687559 389.235739 408.029400 331.778903 399.987660 383.086827 
466.911025 459.652810 472.600844 462.526624 485.233395 446.576418 486.068875 427.609021 
224.532781 345.378918 241.160018 363.464093 250.633979 358.358698 233.826708 361.451668 
401.301970 590.527157 380.382425 585.950424 431.292917 599.878601 385.290400 592.390473 
455.516737 440.162943 427.007983 458.171508 460.341693 456.832734 467.454639 439.358430 
316.156284 275.029835 289.424795 266.450584 280.294043 242.138731 303.380915 251.060662 
591.567755 225.485991 603.090777 220.526147 592.494020 203.813993 572.140022 199.034100 
350.874555 283.979302 344.516366 286.012885 337.738967 279.468244 338.659642 266.149754 
349.228107 350.143131 361.804357 364.586837 353.511018 345.349451 315.106534 378.200504 
516.452238 310.115540 494.863207 307.081535 517.031119 293.486393 506.432458 311.854748 
274.903234 536.215682 298.821620 521.299876 305.356962 502.342359 300.554919 528.749574 
468.810594 323.164700 459.421991 326.737433 465.934099 326.130268 449.060900 333.572325 
528.439625 246.251552 494.375904 288.003583 496.741217 300.315784 535.000007 262.938576 
520.108891 571.748135 530.644930 581.737625 520.275210 526.966861 530.458727 523.545812 
353.563057 574.392987 357.952806 566.229842 321.604619 557.259197 359.505335 541.234699 
446.277332 602.533292 426.038033 527.395527 454.055140 597.744467 417.690683 520.410763 
376.612128 432.828255 389.831820 416.612681 361.100001 452.222659 396.020542 439.204086 
340.780469 386.181527 322.590302 346.100728 324.439492 393.095295 338.042824 377.860740 
240.187191 465.427040 230.118080 464.229778 247.150550 424.887691 236.299612 446.045337 
487.303545 525.340626 467.887350 505.969377 504.810126 524.599929 508.099437 517.304818 
411.994127 503.306079 425.893944 491.973429 448.230419 506.702865 421.232217 497.789175 
357.080282 380.369781 359.982296 357.555595 353.716396 350.184860 373.376081 350.216941 
532.736169 405.477810 538.159077 426.790648 516.322361 403.685205 538.950472 388.061592 
358.196019 320.214586 375.317464 297.142486 363.860000 316.316850 357.516075 312.859063 
244.885143 535.565710 287.524120 530.898898 277.999942 549.229874 260.367027 536.121874 
472.127258 411.389804 477.372705 422.428816 491.027905 439.727885 497.080850 442.536527 
464.832162 520.267043 457.450056 496.358293 482.480022 497.683905 452.901413 503.211348 
615.246502 455.878878 560.948170 461.822222 555.804884 446.252534 601.666006 453.782131 
331.941302 454.503023 331.908975 450.028603 335.108839 453.254025 335.697071 446.877159 
408.695309 462.967008 431.177964 431.887532 407.507871 427.010734 432.211313 418.410822 
394.426725 300.528053 374.113033 295.262484 376.353338 306.155211 364.812974 295.359893 
368.326594 332.258820 360.545024 309.974710 361.683002 329.726427 360.060104 318.366805 
216.415694 360.136267 209.688621 361.749560 202.353406 357.378612 190.418896 343.574439 
436.577621 400.525993 417.176658 438.416972 415.842325 435.985184 416.106740 396.394257 
365.135376 500.958617 389.464650 490.698140 358.027449 483.089111 370.370158 483.229837 
498.122205 385.025436 502.296337 394.898203 511.496079 349.904092 497.609623 361.610196 
454.276320 420.605759 496.018203 415.232078 440.746724 417.209304 470.321062 400.499153 
427.002024 430.116378 428.066757 431.067951 419.750285 439.395159 419.951633 421.445066 
441.039680 280.084364 458.079701 273.805059 455.194719 289.384691 453.477702 280.207488 
549.644189 468.925922 518.087939 452.764933 553.949331 465.205191 547.842202 466.936699 
269.364381 505.141989 255.187772 456.458830 271.427302 456.910095 258.304238 488.726092 
411.507143 379.809179 404.866994 405.254853 422.210550 392.018486 399.795324 410.777646 
340.169022 529.933413 343.014357 537.371321 329.926352 533.768619 361.596843 530.371320 
506.466668 284.959488 523.357178 296.778717 504.790279 290.357407 505.380631 298.170912 
342.426198 521.534313 322.668423 521.040576 328.025921 521.917046 314.015875 528.650286 
291.241284 480.610301 296.580880 459.688585 301.658611 468.990825 299.252698 456.951435 
429.352449 501.583127 436.709654 500.865858 461.148554 507.499368 438.066828 503.821511 
417.042684 357.548801 414.166705 350.788649 456.213748 353.671119 415.809264 341.089460 
435.216047 576.683464 450.400596 569.998805 459.039174 580.093032 453.228689 605.106265 
508.057370 381.584192 521.044930 400.409435 496.579401 401.415257 498.793664 380.557776 
477.191320 525.697298 488.968035 541.749126 453.905197 551.784873 463.970187 545.710110 
441.944794 278.122112 449.640779 273.105931 436.535448 264.731998 443.371071 288.558888 
271.386566 309.928194 305.588695 305.359803 294.120890 325.703328 274.685303 313.458419 
504.655366 394.318653 487.660848 398.509305 511.857592 385.240411 505.497569 399.867959 
369.471926 486.892326 379.088361 511.610415 380.971864 493.855123 371.236841 500.240302 
557.892556 298.957425 579.516689 302.129630 554.951550 291.682432 564.280285 289.628366 
384.646717 407.181736 383.511400 416.057247 396.345484 394.983360 382.728495 402.122271 
467.643777 326.697581 458.917234 332.566789 415.602369 324.027993 415.892535 321.414578 
472.409820 479.958394 478.842578 491.689550 442.024144 483.264126 466.703714 503.550398 
368.982754 365.967969 356.090713 386.488183 362.008656 329.253324 356.065078 344.558794 
274.485938 364.229542 300.824964 364.406832 263.392192 368.506693 283.901170 356.138992 
528.346967 414.677768 533.983300 430.297514 516.100598 417.185029 535.362910 430.822640 
321.246079 369.034274 311.676193 323.695816 318.511381 380.824145 338.433609 328.431189 
368.169264 464.460422 394.563449 453.754769 375.982182 453.505344 365.408147 459.905118 
535.132141 465.733406 500.735934 465.034541 516.972132 469.788310 511.789121 452.321469 
412.534641 507.567770 411.050001 497.316380 408.879168 513.001768 427.259399 502.442195 
417.954289 219.490435 406.394017 193.865153 405.299452 219.870295 426.229091 177.587527 
262.494485 442.357642 282.353317 413.489471 278.960805 406.846515 287.514377 418.912507 
346.919531 422.814988 335.822398 419.494969 374.947226 428.947675 358.747224 433.907179 
465.170754 459.555306 476.874470 451.378801 497.652494 479.677267 447.423219 508.445134 
424.529342 473.239612 423.974376 452.104134 429.797511 464.131469 428.409406 438.294958 
457.026658 307.499258 445.679300 271.931651 446.897765 280.470512 444.019890 272.380535 
309.405062 512.618261 303.357524 485.717786 321.051921 525.806812 314.625604 502.751112 
207.775411 458.291629 262.380855 489.412192 273.471728 482.839603 211.582445 455.263015 
234.403127 297.203121 238.071218 290.397401 225.821201 278.220031 249.717331 272.137344 
587.695399 473.361036 601.415339 504.267290 600.272938 503.956111 560.697012 493.024785 
294.436732 339.942474 316.036678 314.882660 316.994810 345.859840 282.005887 341.378194 
303.727818 585.907068 262.627291 576.799225 243.289815 581.119355 269.094159 583.794389 
318.261825 261.382367 275.942154 230.887669 292.705160 245.972046 268.781524 242.002257 
531.847965 488.877162 502.635516 484.746423 526.608099 501.325386 513.438436 484.700597 
506.187915 300.001121 504.150270 303.413313 490.374031 330.718565 507.870943 311.068035 
494.955015 516.342107 499.183462 498.796692 475.672238 560.880947 497.149191 528.297765 
308.278340 315.718269 335.324283 278.907799 327.033683 304.092183 330.910335 305.432660 
224.402116 564.706115 259.393028 553.245238 233.559219 543.366453 253.585956 540.870711 
514.298698 383.573215 506.790142 369.576210 510.530050 375.389017 494.933654 371.494006 
402.076886 238.022019 419.373057 225.508734 400.215834 258.499734 429.322352 219.127530 
538.406703 355.869143 518.751948 351.240820 519.696774 350.563005 540.576229 350.991813 
376.606386 337.316361 376.246188 354.323305 353.257063 331.361056 350.283597 362.725832 
353.769813 487.164722 367.947280 516.581914 350.914159 489.540939 363.647521 485.315114 
308.977408 399.173104 264.090859 386.672615 283.926942 410.820174 269.276821 389.355108 
464.220000 491.349673 470.364856 475.819752 455.916810 503.020006 459.325860 512.095268 
485.871590 314.860105 494.682760 285.005094 487.326696 330.372247 485.853121 335.335252 
415.068731 541.961069 425.790793 516.653566 423.419125 497.117405 419.790505 513.052021 
563.099226 471.056120 577.910432 497.995348 569.483838 477.910034 547.341044 480.213768 
451.590481 309.585575 468.876391 329.645108 462.796210 323.237026 460.586960 293.264554 
506.947197 278.759983 508.790213 260.379903 523.720396 263.059629 515.047818 275.686459 
417.660608 459.314631 409.009488 448.165383 406.590678 491.137523 403.239666 467.189893 
290.841284 273.336349 280.471217 284.346987 265.423451 283.505935 270.705042 279.717286 
261.973816 411.316596 251.948202 393.993642 246.891656 391.137283 266.438775 403.763062 
379.018802 382.820858 372.565099 388.662483 375.655816 411.346152 353.501910 419.049050 
510.521193 273.612198 533.141492 271.250229 530.317227 275.256965 525.132990 275.809725 
303.414099 514.377962 318.087756 529.679280 315.285112 517.901253 307.679464 532.400070 
371.925130 323.620428 350.669086 322.286613 366.512548 299.861927 352.751852 304.465605 
551.562396 458.423412 529.853203 443.250429 542.522032 442.824701 573.551964 472.316003 
596.198360 204.798952 573.656989 203.243127 574.241181 198.385718 600.656695 190.752382 
408.293528 481.782155 416.767846 471.172308 403.590089 481.472870 384.063133 499.381768 
233.185149 408.686464 224.933907 402.476060 229.503735 388.269225 214.212639 367.672963 
571.644708 394.989340 598.433787 399.500592 576.953240 403.117883 576.311544 397.869957 
595.164238 593.862983 569.295182 573.594543 548.446064 592.043385 563.396409 613.372390 
492.363816 407.459459 529.185239 391.581857 525.473753 398.929074 488.729164 406.986127 
358.991408 446.994299 326.829960 434.535647 335.502442 425.538478 334.772886 431.779211 
495.863251 395.472456 492.418538 392.735737 494.979607 392.946402 485.497222 379.758498 
309.430288 322.699366 301.138054 332.868747 284.006001 318.915795 309.197325 338.843189 
370.881168 512.977032 368.641645 539.202430 369.935461 516.625514 369.408404 526.767479 
300.696340 534.163026 314.290425 496.634660 315.820003 523.138057 286.123526 521.852397 
506.092170 501.528291 517.833413 532.960645 516.193660 546.105403 502.929758 512.587693 
225.170817 358.492497 213.606454 368.681713 217.074871 354.129095 195.290835 367.370740 
419.354058 464.993179 447.588818 453.026028 423.376504 448.143524 422.963794 448.570973 
347.070324 530.332104 344.808419 520.639632 321.205113 546.655231 308.401097 525.325786 
372.244482 410.236373 389.383317 409.831773 377.410354 404.038897 404.953728 398.624486 
273.435547 477.862031 277.226336 482.784560 261.110540 475.929265 237.496704 502.066591 
218.297762 479.126674 251.585928 472.712368 200.438013 486.543381 194.236307 464.133379 
350.228620 376.392830 352.207432 389.673880 336.212360 387.083808 375.492719 381.695966 
498.344175 306.216621 508.840078 280.381733 484.676738 308.011304 500.984608 286.488208 
474.429718 519.947966 457.208974 513.226561 468.562217 513.535471 438.299453 512.583883 
427.940433 261.640927 429.176546 253.767573 416.794658 286.867992 420.963555 285.467889 
395.376499 502.842515 436.471122 493.243342 393.996685 492.638885 406.119753 491.229780 
305.319822 519.666342 289.364530 542.356017 305.956842 522.939525 299.203551 519.601827 
364.316077 440.218271 360.360039 463.655029 366.893588 457.601948 375.716245 447.993557 
441.477534 494.237880 388.774008 519.420689 413.344591 484.927052 444.147943 486.914284 
561.704773 241.603702 564.889704 271.147718 547.543649 247.586071 528.039376 238.514378 
397.945119 340.625341 388.903097 337.408396 378.833745 333.579817 404.572437 352.645041 
280.216022 542.329160 306.947122 530.963412 301.720033 516.605231 302.889061 537.650333 
425.857121 233.279887 425.212265 216.865700 453.919331 226.429459 430.177468 223.515560 
258.210559 529.436395 244.822510 509.472048 246.292838 518.558311 249.177485 516.533751 
361.484619 361.109357 361.707522 367.191996 382.620889 366.319445 374.868109 355.748245 
296.954133 526.228333 307.547093 497.967945 297.486913 524.017784 301.430534 504.116184 
249.189723 304.440466 237.753246 285.846469 251.709778 302.412132 253.812219 297.023141 
525.104681 481.860012 514.859520 458.757905 520.815118 481.219320 532.926933 459.477307 
435.352615 552.165196 394.911690 538.429457 436.109477 561.604012 387.168316 527.153206 
468.253630 483.939218 477.033669 487.095671 476.527711 485.453586 483.706062 481.445960 
438.091377 323.504593 434.351388 338.938752 432.528812 322.689731 444.569207 311.785080 
324.535335 414.228759 306.129095 398.203951 306.932622 401.399425 297.306238 421.527636 
450.630829 304.014030 482.247255 312.810091 486.083738 325.508984 473.517930 314.189866 
406.880311 322.000511 411.369234 331.723603 403.790181 324.572601 403.385642 353.326197 
486.257308 512.032918 490.655764 492.727465 470.118732 482.543586 475.271253 510.228177 
339.645568 323.615233 344.113572 296.237520 365.657770 291.322125 342.488597 321.354732 
