-0.615493 0.468785 0.633568 -0.776735 -0.497069 -0.386788 0.133606 -0.730180 0.670065 
0.869870 -0.288849 -0.399866 -0.472168 -0.252942 -0.844439 0.142773 0.923356 -0.356412 
-0.852818 -0.505101 0.132573 0.305097 -0.275895 0.911481 -0.423813 0.817775 0.389393 
-0.713895 -0.452252 0.534623 0.265893 -0.881362 -0.390514 0.647807 -0.136634 0.749451 
0.315148 -0.778074 -0.543400 0.556519 0.615310 -0.558284 0.768745 -0.126470 0.626926 
-0.196842 -0.791646 -0.578403 0.565633 0.390173 -0.726516 0.800820 -0.470172 0.370979 
-0.719580 -0.583580 -0.376350 -0.578026 0.803727 -0.141100 0.384826 0.116007 -0.915670 
0.825566 0.150458 0.543877 -0.173756 -0.849198 0.498670 0.536888 -0.506187 -0.674926 
-0.560510 -0.815458 0.144420 -0.827614 0.557828 -0.062321 -0.029741 -0.154456 -0.987552 
-0.174349 -0.974250 -0.142968 -0.636819 0.222302 -0.738270 0.751042 -0.037672 -0.659179 
-0.053277 0.830685 0.554188 -0.373908 0.498007 -0.782420 -0.925934 -0.248901 0.284067 
-0.995188 0.085837 -0.047261 -0.034161 0.148132 0.988377 0.091841 0.985235 -0.144487 
-0.651365 -0.413949 0.635901 0.649206 0.129759 0.749462 -0.392753 0.901004 0.184218 
-0.765340 0.018661 0.643356 0.593873 -0.364885 0.717059 0.248133 0.930865 0.268179 
-0.725187 -0.383173 -0.572086 0.519498 -0.849787 -0.089354 -0.451913 -0.361997 0.815312 
-0.306943 -0.322928 0.895267 -0.859934 -0.308960 -0.406272 0.407799 -0.894573 -0.182864 
-0.012510 0.907697 -0.419441 0.792104 0.265003 0.549859 0.610258 -0.325362 -0.722305 
0.071081 -0.071757 -0.994886 -0.877764 -0.478262 -0.028218 -0.473792 0.875281 -0.096981 
-0.575206 -0.418006 0.703142 -0.707749 -0.176686 -0.684012 0.410157 -0.891097 -0.194212 
-0.537655 -0.780311 0.319440 0.661236 -0.625284 -0.414472 0.523158 -0.011618 0.852157 
0.184902 -0.322341 0.928390 -0.949364 0.185576 0.253513 -0.254004 -0.928255 -0.271706 
-0.781293 0.231688 0.579571 0.203392 -0.783366 0.587341 0.590096 0.576766 0.564914 
-0.913341 -0.318335 0.253910 0.039086 0.552142 0.832833 -0.405315 0.770585 -0.491852 
-0.253173 0.509184 0.822578 -0.166432 -0.860527 0.481450 0.952997 -0.015013 0.302607 
-0.457173 -0.574444 0.678975 -0.420179 -0.533350 -0.734157 0.783864 -0.620928 0.002465 
0.412738 0.020691 0.910615 0.872549 -0.295841 -0.388762 0.261354 0.955013 -0.140159 
-0.480968 0.530764 0.697825 0.122920 0.828894 -0.545734 -0.868079 -0.176704 -0.463913 
-0.771662 0.302729 -0.559368 -0.582734 -0.688923 0.431053 -0.254869 0.658590 0.708026 
-0.556898 -0.788930 -0.259718 -0.819047 0.573556 0.013980 0.137934 0.220507 -0.965583 
0.533827 0.145535 0.832976 -0.243413 -0.916934 0.316200 0.809802 -0.371553 -0.454059 
0.030780 0.848400 0.528460 -0.857176 0.294346 -0.422622 -0.514103 -0.439975 0.736288 
-0.639091 -0.227395 0.734747 0.602164 -0.742248 0.294053 0.478498 0.630365 0.611293 
0.427252 0.829194 -0.360407 0.453177 -0.541335 -0.708228 -0.782359 0.139263 -0.607058 
-0.875229 -0.390601 -0.285316 -0.096854 -0.436389 0.894530 -0.473912 0.810553 0.344109 
-0.514097 -0.054007 -0.856030 0.855478 0.040021 -0.516290 0.062143 -0.997738 0.025627 
0.190506 -0.042946 0.980746 -0.504609 -0.861239 0.060306 0.842067 -0.506382 -0.185742 
-0.605330 -0.669280 0.430859 -0.380358 -0.232280 -0.895195 0.699216 -0.705769 -0.113960 
0.414911 0.807458 0.419357 0.372763 -0.571300 0.731208 0.829998 -0.147065 -0.538029 
-0.892699 0.361669 -0.268856 -0.430861 -0.859827 0.273962 -0.132086 0.360406 0.923397 
-0.341987 -0.787824 -0.512229 -0.913355 0.406851 -0.015954 0.220970 0.462391 -0.858701 
0.437583 0.361860 -0.823151 -0.895442 0.092000 -0.435569 -0.081885 0.927682 0.364283 
-0.342852 0.906304 0.247115 -0.802110 -0.419360 0.425155 0.488949 -0.052448 0.870734 
0.122904 0.955007 -0.269918 -0.843582 0.243796 0.478469 0.522747 0.168893 0.835590 
-0.707394 0.703302 0.070418 -0.525032 -0.589546 0.613821 0.473217 0.397242 0.786298 
-0.294599 0.935977 0.192765 -0.208694 0.133834 -0.968780 -0.932555 -0.325630 0.155905 
-0.026974 0.984743 -0.171913 0.255236 -0.159491 -0.953634 -0.966502 -0.069602 -0.247040 
-0.958058 0.285381 0.026127 0.221688 0.795821 -0.563493 -0.181602 -0.534067 -0.825708 
0.681603 0.674766 0.283034 0.727871 -0.664875 -0.167765 0.074980 0.320361 -0.944323 
0.052471 -0.824575 0.563314 -0.972424 -0.170551 -0.159072 0.227240 -0.539433 -0.810786 
0.958536 -0.133439 0.251800 0.284971 0.446098 -0.848403 0.000883 0.884981 0.465627 
0.911122 0.329862 0.247077 -0.013787 -0.574774 0.818196 0.411905 -0.748883 -0.519142 
0.743462 -0.585184 -0.323766 0.347625 0.751717 -0.560427 0.571334 0.304106 0.762297 
0.980997 0.118279 0.153803 0.183415 -0.823856 -0.536302 0.063279 0.554320 -0.829894 
0.306713 0.885096 -0.350047 -0.857420 0.416604 0.302112 0.413229 0.207475 0.886677 
0.107841 -0.408195 0.906503 -0.109757 -0.911135 -0.397224 0.988091 -0.056658 -0.143060 
0.456490 0.366381 0.810791 -0.644318 0.764562 0.017272 -0.613572 -0.530292 0.585081 
0.208632 -0.827027 -0.522015 -0.710053 0.238956 -0.662362 0.672530 0.508848 -0.537379 
0.974448 0.224522 0.006460 -0.006598 0.057360 -0.998332 -0.224518 0.972779 0.057375 
-0.605970 -0.074348 -0.792005 0.134485 0.971717 -0.194114 0.784037 -0.224140 -0.578833 
0.170929 0.811650 0.558576 -0.978152 0.071705 0.195132 0.118327 -0.579726 0.806174 
-0.198828 0.926939 -0.318201 -0.123493 0.298399 0.946418 0.972223 0.227470 0.055140 
0.345056 0.370819 -0.862224 0.383929 -0.894038 -0.230856 -0.856467 -0.251374 -0.450861 
0.491158 -0.726358 -0.480799 0.629251 -0.085813 0.772450 -0.602334 -0.681938 0.414914 
0.597599 -0.115463 -0.793438 0.757161 -0.244295 0.605827 -0.263784 -0.962802 -0.058566 
-0.696875 0.038925 0.716136 -0.434997 0.770950 -0.465202 -0.570213 -0.635705 -0.520323 
-0.457957 0.661397 -0.593995 0.495886 -0.364505 -0.788183 -0.737816 -0.655508 -0.161050 
0.875371 -0.468740 0.118357 -0.476695 -0.796081 0.372851 -0.080548 -0.382803 -0.920312 
-0.463292 0.787518 -0.406418 0.743453 0.095783 -0.661893 -0.482325 -0.608803 -0.629859 
-0.583622 -0.631184 -0.510874 -0.158487 -0.528495 0.834011 -0.796409 0.567714 0.208407 
0.284437 0.478919 -0.830501 -0.264811 -0.793332 -0.548179 -0.921396 0.375848 -0.098830 
0.037692 0.994543 -0.097276 -0.432394 0.103993 0.895668 0.900897 0.008302 0.433955 
-0.436064 -0.399758 0.806252 -0.603621 -0.534556 -0.591516 0.667450 -0.744610 -0.008201 
-0.463929 -0.875260 0.136709 -0.752298 0.470746 0.460919 -0.467779 0.110988 -0.876849 
0.299459 -0.431116 0.851154 0.939954 0.286401 -0.185637 -0.163740 0.855636 0.490995 
0.769178 -0.433022 -0.469954 0.632126 0.623417 0.460183 0.093708 -0.651032 0.753243 
-0.177772 0.916419 -0.358571 -0.920864 -0.026434 0.388986 0.346996 0.399346 0.848597 
-0.826705 0.226722 0.514933 0.515532 -0.061333 0.854672 0.225355 0.972027 -0.066178 
-0.088464 -0.974287 -0.207219 0.739215 0.075222 -0.669256 0.667634 -0.212384 0.713552 
0.814524 0.278593 -0.508858 0.155114 -0.949796 -0.271711 -0.559008 0.142385 -0.816845 
0.222350 -0.958208 0.179993 -0.970862 -0.234531 -0.049214 0.089372 -0.163805 -0.982436 
-0.492113 0.816006 0.303248 -0.675309 -0.138018 -0.724506 -0.549347 -0.561325 0.618977 
0.122796 0.013142 -0.992345 -0.964042 0.239033 -0.116128 0.235677 0.970923 0.042022 
-0.891907 -0.437011 0.116294 0.183405 -0.114498 0.976347 -0.413358 0.892139 0.182271 
0.963231 0.182088 0.197561 -0.056885 0.856860 -0.512401 -0.262584 0.482322 0.835713 
-0.577260 0.811338 -0.092203 -0.800009 -0.584562 -0.135177 -0.163573 -0.004269 0.986522 
0.157292 -0.728785 0.666432 0.970173 0.240080 0.033561 -0.184456 0.641275 0.744810 
-0.814028 -0.193130 -0.547777 -0.277130 0.957972 0.074078 0.510449 0.212107 -0.833338 
-0.787563 0.187337 0.587068 0.580969 0.543373 0.605988 -0.205473 0.818322 -0.536778 
-0.038212 0.871191 0.489455 0.493900 -0.409335 0.767142 0.868679 0.271056 -0.414640 
-0.335475 -0.143896 -0.930994 -0.820009 0.531081 0.213398 0.463726 0.835013 -0.296161 
-0.687669 -0.645450 -0.332423 0.559909 -0.762950 0.323124 -0.462183 0.036076 0.886051 
-0.969403 0.134500 -0.205348 0.049654 -0.711801 -0.700624 -0.240401 -0.689384 0.683343 
-0.152367 0.022531 -0.988067 0.362533 -0.928777 -0.077084 -0.919431 -0.369952 0.133347 
-0.591886 0.795326 -0.130872 0.690235 0.583981 0.427249 0.416229 0.162550 -0.894612 
-0.151138 -0.974599 0.165272 -0.926433 0.081337 -0.367568 0.344788 -0.208667 -0.915193 
0.434136 0.542104 -0.719478 -0.325149 0.839126 0.436058 0.840121 0.044630 0.540559 
-0.926515 -0.024109 0.375486 0.172562 -0.914031 0.367109 0.334355 0.404926 0.851024 
-0.051716 -0.963543 -0.262507 -0.422149 0.259312 -0.868647 0.905050 0.065894 -0.420169 
0.218535 0.815064 -0.536575 0.930517 -0.339668 -0.136980 -0.293905 -0.469357 -0.832661 
0.857103 0.173919 -0.484898 -0.291974 -0.611488 -0.735414 -0.424412 0.771903 -0.473328 
0.279704 0.887759 -0.365580 -0.205386 -0.316635 -0.926045 -0.937860 0.334104 0.093769 
0.951261 -0.297221 0.082229 0.158900 0.243882 -0.956699 0.264297 0.923136 0.279224 
0.244159 0.966015 -0.084860 -0.956657 0.225619 -0.184128 -0.158725 0.126138 0.979232 
0.101499 0.498418 -0.860975 0.896840 0.328712 0.296018 0.430554 -0.802202 -0.413637 
-0.294945 -0.875075 0.383733 0.024030 -0.408264 -0.912548 0.955212 -0.259931 0.141443 
0.648407 0.706397 0.283851 0.657954 -0.332418 -0.675718 -0.382968 0.624901 -0.680319 
-0.311083 -0.605130 -0.732834 0.407387 -0.781563 0.472435 -0.858640 -0.151581 0.489653 
-0.622987 -0.483785 0.614686 -0.429982 -0.444651 -0.785749 0.653454 -0.753816 0.068993 
-0.263487 0.803067 -0.534470 0.951414 0.124827 -0.281477 -0.159328 -0.582667 -0.796940 
-0.892634 -0.155826 -0.422992 0.355570 -0.820167 -0.448215 -0.277081 -0.550495 0.787516 
-0.913581 0.367600 -0.173898 0.256721 0.189702 -0.947685 -0.315380 -0.910430 -0.267679 
0.098745 0.783790 0.613125 0.638945 -0.522290 0.564768 0.762889 0.335985 -0.552372 
0.576857 0.690383 -0.436587 -0.474654 -0.151678 -0.867005 -0.664786 0.707365 0.240196 
-0.606662 -0.090565 0.789784 -0.406949 -0.818066 -0.406400 0.682901 -0.567950 0.459434 
0.234283 -0.330769 0.914168 -0.951916 -0.268990 0.146630 0.197401 -0.904564 -0.377884 
0.336629 0.252258 0.907219 -0.924174 0.273198 0.266955 -0.180508 -0.928294 0.325097 
0.035836 0.313569 0.948889 0.139606 -0.941759 0.305940 0.989558 0.121507 -0.077525 
0.746843 0.164551 0.644320 -0.440410 -0.603576 0.664632 0.498262 -0.780141 -0.378306 
-0.704073 -0.450356 0.549053 0.709930 -0.428178 0.559163 -0.016730 0.783481 0.621190 
-0.823358 -0.567417 0.010929 -0.450140 0.641212 -0.621467 0.345623 -0.516609 -0.783364 
-0.473730 0.460749 -0.750526 -0.566305 0.493286 0.660279 0.674447 0.737821 0.027240 
-0.578931 0.579544 0.573558 0.670821 -0.061334 0.739079 0.463507 0.812630 -0.353262 
-0.408035 -0.862393 -0.299641 -0.825587 0.488660 -0.282165 0.389760 0.132247 -0.911371 
0.471754 0.807878 -0.353245 -0.030834 -0.385266 -0.922290 -0.881191 0.445986 -0.156841 
-0.507832 0.860800 0.033600 0.737521 0.414286 0.533319 0.445161 0.295617 -0.845247 
0.419864 -0.886347 0.195202 0.162886 0.285176 0.944533 -0.892851 -0.364780 0.264109 
0.815508 -0.331211 -0.474601 -0.067593 0.759931 -0.646480 0.574785 0.559290 0.597342 
0.002012 0.656900 0.753975 0.192949 -0.740063 0.644265 0.981207 0.144182 -0.128237 
0.367057 0.850946 -0.375712 0.365142 -0.503295 -0.783177 -0.855536 0.150282 -0.495454 
-0.956868 0.072234 -0.281400 -0.275308 -0.534800 0.798871 -0.092787 0.841886 0.531619 
0.934881 -0.175360 -0.308621 0.024034 -0.836181 0.547927 -0.354148 -0.519663 -0.777515 
-0.931076 -0.158954 0.328378 -0.358894 0.237411 -0.902680 0.065524 -0.958316 -0.278095 
-0.495227 0.845070 0.201514 0.177192 -0.128828 0.975708 0.850502 0.518904 -0.085940 
-0.843292 0.471292 0.258345 0.262496 -0.058285 0.963171 0.468993 0.880049 -0.074561 
-0.750172 -0.271921 -0.602745 0.262227 0.714456 -0.648684 0.607025 -0.644680 -0.464659 
-0.261310 -0.704142 0.660228 0.854754 0.148982 0.497192 -0.448456 0.694253 0.562938 
-0.889669 -0.428055 0.158929 0.055198 0.244688 0.968030 -0.453258 0.869998 -0.194063 
-0.359277 -0.920115 0.155910 -0.306772 0.274222 0.911424 -0.881369 0.279625 -0.380788 
-0.042643 -0.076028 -0.996193 -0.340104 -0.936445 0.086026 -0.939420 0.342478 0.014076 
-0.674116 0.737147 0.046717 0.726208 0.673004 -0.140311 -0.134870 -0.060660 -0.989005 
-0.042049 -0.975285 0.216915 -0.324967 0.218652 0.920102 -0.944790 -0.031801 -0.326130 
0.618101 0.768846 -0.163789 0.782966 -0.620708 0.041049 -0.070105 -0.153614 -0.985641 
-0.971026 0.027132 -0.237428 0.235738 0.271682 -0.933068 0.039189 -0.962004 -0.270207 
0.070661 -0.815123 0.574962 -0.926886 0.159359 0.339834 -0.368632 -0.556937 -0.744266 
-0.842254 -0.305395 -0.444233 -0.238597 -0.527762 0.815193 -0.483405 0.792592 0.371643 
-0.246593 0.184842 -0.951328 0.245015 -0.937860 -0.245735 -0.937635 -0.293686 0.185981 
-0.731396 -0.393817 0.556748 -0.580630 0.787801 -0.205517 -0.357670 -0.473579 -0.804857 
0.035773 0.927913 -0.371078 -0.940859 -0.093907 -0.325525 -0.336905 0.360777 0.869675 
0.801347 -0.145013 -0.580356 -0.520701 0.308485 -0.796057 0.294470 0.940111 0.171695 
0.033247 0.881965 -0.470142 -0.417723 0.439607 0.795143 0.907966 0.169953 0.383032 
0.845602 0.484474 0.224150 -0.425395 0.357900 0.831232 0.322486 -0.798243 0.508734 
0.684838 -0.152517 -0.712556 -0.679690 -0.486240 -0.549174 -0.262715 0.860412 -0.436660 
-0.988365 -0.109543 -0.105526 -0.062666 0.925423 -0.373718 0.138595 -0.362757 -0.921520 
0.919594 0.306867 -0.245316 0.389371 -0.795043 0.465077 -0.052320 -0.523201 -0.850602 
-0.613145 -0.732266 -0.296378 -0.547101 0.664258 -0.509354 0.569854 -0.150159 -0.807910 
0.210828 -0.917677 0.336779 0.717242 -0.088860 -0.691135 0.664165 0.387263 0.639463 
-0.007422 0.040926 0.999135 -0.707791 0.705596 -0.034160 -0.706383 -0.707432 0.023730 
0.635556 0.569126 -0.521693 -0.066304 -0.632989 -0.771316 -0.769202 0.524805 -0.364565 
0.467124 -0.132238 0.874247 0.842919 0.365162 -0.395151 -0.266988 0.921504 0.282042 
-0.737590 0.673380 0.050208 0.325034 0.288885 0.900499 0.591874 0.680518 -0.431950 
-0.127063 -0.191429 -0.973247 0.280645 -0.948045 0.149832 -0.951364 -0.254099 0.174185 
0.818051 0.503840 -0.277379 0.467267 -0.863405 -0.190244 -0.335343 0.026019 -0.941737 
0.860577 0.395960 0.320348 -0.476762 0.847542 0.233176 -0.179180 -0.353395 0.918154 
0.552541 -0.192180 -0.811027 -0.634946 -0.727415 -0.260212 -0.539946 0.658737 -0.523951 
0.578810 0.170687 0.797399 0.812074 -0.031604 -0.582698 -0.074258 0.984818 -0.156903 
-0.165806 -0.985032 -0.047126 -0.939419 0.172305 -0.296317 0.300002 -0.004861 -0.953926 
-0.916425 -0.091423 0.389625 0.399398 -0.147063 0.904905 -0.025430 0.984893 0.171287 
-0.973934 0.023088 -0.225653 0.091182 0.950741 -0.296272 0.207697 -0.309124 -0.928065 
-0.838458 0.544325 -0.026408 -0.535726 -0.832160 -0.143202 -0.099924 -0.105922 0.989341 
0.904669 0.198235 -0.377196 0.423121 -0.313167 0.850232 0.050420 -0.928778 -0.367190 
0.244844 -0.793032 0.557810 0.907006 -0.015964 -0.420815 0.342625 0.608971 0.715376 
-0.620687 0.780035 0.079330 -0.500976 -0.472385 0.725173 0.603134 0.410363 0.683982 
0.577239 -0.566440 -0.588167 -0.438254 -0.822662 0.362162 -0.689005 0.048713 -0.723117 
0.374333 0.752838 0.541396 -0.904267 0.425666 0.033318 -0.205371 -0.502038 0.840107 
0.056454 -0.208976 -0.976290 0.987098 0.158430 0.023166 0.149833 -0.965002 0.215224 
0.951371 0.271122 0.146237 -0.304760 0.759245 0.575037 0.044876 -0.591641 0.804952 
-0.027529 0.954351 -0.297415 0.047790 0.298444 0.953230 0.998478 0.012028 -0.053825 
-0.348228 -0.066134 -0.935074 -0.012442 -0.997094 0.075154 -0.937327 0.037805 0.346393 
0.186334 -0.977842 0.095418 0.732346 0.202978 0.649976 -0.654942 -0.051234 0.753940 
0.697999 0.129461 0.704299 -0.715658 0.091593 0.692420 0.025133 -0.987345 0.156582 
0.615206 0.747550 -0.250379 -0.769918 0.501401 -0.394744 -0.169551 0.435621 0.884018 
0.233029 -0.499213 0.834556 0.175483 0.865681 0.468831 -0.956506 0.037199 0.289332 
0.228752 -0.473074 -0.850808 -0.340181 0.780037 -0.525186 0.912113 0.409566 0.017505 
-0.523539 -0.770858 -0.362884 -0.805861 0.309763 0.504614 -0.276578 0.556619 -0.783377 
0.271668 -0.765993 0.582624 -0.919744 -0.028427 0.391488 -0.283315 -0.642220 -0.712240 
0.204640 -0.946089 -0.251073 -0.674383 -0.322184 0.664384 -0.709458 0.033360 -0.703958 
-0.389203 -0.676078 -0.625651 0.898276 -0.128133 -0.420336 0.204014 -0.725603 0.657174 
0.296216 -0.874590 0.383860 -0.931069 -0.354035 -0.088150 0.212995 -0.331288 -0.919174 
0.387579 -0.822067 0.417119 -0.577834 -0.569210 -0.584899 0.718255 -0.014331 -0.695633 
0.097296 0.868707 -0.485676 -0.830688 -0.197895 -0.520379 -0.548170 0.454076 0.702371 
0.901338 -0.429007 0.059515 -0.080140 -0.030156 0.996327 -0.425637 -0.902798 -0.061562 
0.271235 0.959720 -0.073279 0.910174 -0.230977 0.343851 0.313075 -0.159961 -0.936161 
-0.209118 -0.797088 0.566498 -0.480962 0.588231 0.650124 -0.851437 -0.136511 -0.506379 
0.527878 0.440294 0.726282 0.839703 -0.142236 -0.524087 -0.127449 0.886516 -0.444800 
0.267381 -0.963591 0.000632 -0.594462 -0.164437 0.787131 -0.758368 -0.210840 -0.616785 
0.476385 0.297362 -0.827425 0.006591 0.939838 0.341556 0.879212 -0.168166 0.445765 
0.216387 -0.786631 -0.578263 -0.340871 0.494151 -0.799764 0.914868 0.370172 -0.161212 
-0.931056 -0.091656 0.353177 0.259155 0.515262 0.816911 -0.256854 0.852118 -0.455984 
-0.098801 -0.259829 0.960587 0.302109 0.911917 0.277738 -0.948139 0.317643 -0.011602 
-0.735118 -0.379717 0.561620 -0.664656 0.566861 -0.486724 -0.133544 -0.731084 -0.669091 
-0.626701 0.105559 -0.772077 -0.222182 0.925453 0.306875 0.746915 0.363860 -0.556529 
0.267437 0.898107 0.349116 0.627117 -0.437307 0.644583 0.731575 0.046551 -0.680170 
-0.665670 -0.350346 0.658894 0.281172 0.700122 0.656332 -0.691249 0.622163 -0.367543 
0.929492 -0.026150 -0.367914 0.073573 0.990583 0.115467 0.361429 -0.134395 0.922663 
0.262935 -0.930038 -0.256699 0.929552 0.315467 -0.190823 0.258453 -0.188441 0.947466 
0.641955 -0.505743 0.576297 -0.481208 -0.850908 -0.210702 0.596937 -0.142058 -0.789611 
0.846981 -0.395021 -0.355782 0.047490 -0.610343 0.790713 -0.529497 -0.686615 -0.498189 
0.722520 0.537841 0.434387 -0.497604 0.840762 -0.213330 -0.479953 -0.062018 0.875099 
-0.774109 -0.492207 0.398103 0.632734 -0.581649 0.511207 -0.020063 0.647624 0.761696 
0.765210 -0.126810 -0.631167 0.153397 0.988085 -0.012544 0.625238 -0.087220 0.775545 
0.161317 0.529369 0.832914 0.695567 -0.659703 0.284567 0.700117 0.533441 -0.474633 
-0.327750 0.115017 -0.937737 -0.691144 -0.705905 0.154981 -0.644127 0.698906 0.310854 
0.022002 0.798766 -0.601239 0.504669 -0.528014 -0.683016 -0.863033 -0.288399 -0.414729 
0.941112 -0.326368 0.088271 0.299425 0.925813 0.230685 -0.157010 -0.190670 0.969016 
0.456591 -0.132532 -0.879750 -0.328693 -0.944010 -0.028379 -0.826732 0.302126 -0.474589 
0.821753 0.568410 -0.040394 0.509365 -0.700912 0.499269 0.255477 -0.430851 -0.865505 
0.625578 -0.145810 -0.766415 -0.111506 -0.989005 0.097142 -0.772152 0.024690 -0.634958 
0.010817 -0.960969 -0.276444 -0.941976 -0.102553 0.319633 -0.335507 0.256946 -0.906319 
-0.626280 -0.249167 -0.738708 -0.408775 0.911801 0.039010 0.663834 0.326397 -0.672896 
0.848253 -0.442082 -0.291600 0.519380 0.802037 0.294925 0.103493 -0.401622 0.909939 
-0.833911 -0.288037 -0.470772 -0.521143 0.691746 0.499898 0.181666 0.662210 -0.726963 
0.718418 -0.397994 0.570505 0.653307 0.104393 -0.749861 0.238884 0.911429 0.335010 
-0.871075 -0.312140 -0.379205 0.425280 -0.093130 -0.900257 0.245691 -0.945460 0.213870 
-0.888012 0.452769 0.080219 -0.177344 -0.176279 -0.968233 -0.424245 -0.874029 0.236834 
0.506585 0.663074 0.551095 -0.265186 -0.488367 0.831369 0.820395 -0.567301 -0.071561 
-0.903021 -0.403038 -0.148707 -0.008265 0.362390 -0.931990 0.429518 -0.840377 -0.330577 
-0.527696 -0.176008 0.830998 -0.695529 -0.472068 -0.541656 0.487623 -0.863813 0.126689 
0.612971 0.061867 0.787680 0.227266 0.940992 -0.250766 -0.756715 0.332725 0.562740 
-0.095613 -0.882225 -0.461017 0.980535 -0.163262 0.109068 -0.171489 -0.441616 0.880663 
0.871297 -0.488261 -0.049427 -0.061906 -0.009439 -0.998037 0.486836 0.872646 -0.038450 
-0.714325 0.098702 0.692819 -0.622949 -0.540768 -0.565247 0.318863 -0.835361 0.447771 
-0.509379 -0.605108 -0.611864 0.665569 -0.727731 0.165607 -0.545482 -0.322881 0.773432 
-0.797930 0.573191 -0.186440 -0.493938 -0.799090 -0.342754 -0.345446 -0.181404 0.920739 
0.635767 -0.737594 0.227501 -0.585873 -0.269231 0.764374 -0.502548 -0.619250 -0.603304 
-0.579880 0.259709 -0.772198 -0.761682 -0.509167 0.400737 -0.289103 0.820549 0.493071 
-0.071354 0.744987 -0.663252 -0.727659 0.415919 0.545457 0.682217 0.521542 0.512419 
0.737783 -0.555348 0.383750 0.091992 0.645900 0.757859 -0.668740 -0.523834 0.527622 
-0.817977 -0.282224 0.501262 -0.125332 -0.763012 -0.634117 0.561432 -0.581517 0.588754 
0.489256 0.442692 0.751433 0.156781 -0.892205 0.423545 0.857932 -0.089412 -0.505922 
0.959752 0.279943 -0.022517 0.035420 -0.041118 0.998526 0.278605 -0.959136 -0.049379 
0.219338 -0.717728 0.660876 -0.546252 0.470909 0.692715 -0.808394 -0.512943 -0.288772 
-0.427324 -0.566851 0.704326 0.489989 -0.799908 -0.346494 0.759806 0.197047 0.619570 
0.443746 0.348772 0.825498 -0.572603 0.818943 -0.038201 -0.689359 -0.455731 0.563111 
-0.884250 -0.463489 -0.057271 -0.138034 0.142229 0.980162 -0.446149 0.874614 -0.189743 
-0.801960 -0.253962 0.540706 -0.128784 0.957349 0.258645 -0.583331 0.137789 -0.800462 
-0.006353 0.682971 -0.730418 0.839212 -0.393552 -0.375286 -0.543767 -0.615360 -0.570658 
0.947141 -0.320817 -0.000452 0.222792 0.658755 -0.718614 0.230841 0.680529 0.695409 
0.821108 -0.570372 -0.021370 0.300535 0.400214 0.865741 -0.485242 -0.717290 0.500036 
0.637845 0.062430 0.767630 0.425342 0.802364 -0.418683 -0.642058 0.593560 0.485230 
-0.408529 -0.876123 -0.255954 -0.312375 0.397693 -0.862706 0.857628 -0.272487 -0.436148 
0.792596 0.035895 0.608690 0.608952 0.004366 -0.793195 -0.031129 0.999346 -0.018397 
-0.531983 -0.339170 -0.775859 -0.771571 -0.183286 0.609167 -0.348815 0.922697 -0.164188 
-0.025602 0.617732 -0.785972 -0.696604 -0.574935 -0.429177 -0.716999 0.536523 0.445034 
-0.616521 0.437355 0.654693 -0.158102 0.745820 -0.647114 -0.771301 -0.502467 -0.390667 
-0.976652 -0.204783 0.064928 -0.093726 0.134218 -0.986509 0.193305 -0.969562 -0.150278 
-0.428967 -0.694332 -0.577832 -0.303013 0.713217 -0.632064 0.850982 -0.096044 -0.516338 
0.919642 -0.392684 -0.007611 -0.387685 -0.904488 -0.177769 0.062923 0.166435 -0.984043 
0.873490 -0.408964 -0.264127 0.486659 0.718613 0.496748 -0.013347 -0.562444 0.826727 
-0.050370 0.664337 -0.745734 0.456169 0.679548 0.574564 0.888466 -0.311240 -0.337279 
0.467376 0.438736 0.767509 0.718440 -0.694406 -0.040548 0.515173 0.570361 -0.639754 
0.983175 0.105095 0.149406 0.015964 0.765351 -0.643415 -0.181968 0.634974 0.750796 
-0.193712 0.981014 -0.009368 0.424366 0.092397 0.900764 0.884528 0.170514 -0.434207 
-0.697098 0.233999 0.677716 -0.697364 -0.001721 -0.716715 -0.166544 -0.972235 0.164382 
-0.624165 -0.761212 -0.175997 0.365529 -0.483601 0.795310 -0.690512 0.432072 0.580092 
0.684606 0.341065 -0.644196 0.485654 -0.872470 0.054196 -0.543557 -0.349959 -0.762938 
0.687945 -0.698506 -0.197030 -0.546904 -0.677403 0.491956 -0.477103 -0.230682 -0.848032 
0.959635 -0.066341 0.273311 -0.052619 0.912273 0.406189 -0.276281 -0.404174 0.871959 
-0.778374 -0.511516 -0.363984 -0.445478 0.041498 0.894330 -0.442360 0.858271 -0.260171 
0.904014 -0.211662 -0.371427 0.042195 0.908764 -0.415172 0.425416 0.359649 0.830466 
0.951441 -0.224210 -0.210924 0.000390 -0.684318 0.729184 -0.307829 -0.693858 -0.651001 
0.627550 0.633483 -0.452638 0.119731 -0.652972 -0.747859 -0.769315 0.415124 -0.485620 
-0.435005 0.522680 -0.733196 -0.586592 -0.782278 -0.209645 -0.683140 0.338890 0.646895 
0.678116 0.201825 -0.706700 0.081615 0.934930 0.345318 0.730409 -0.291843 0.617519 
0.124006 0.707627 -0.695620 -0.881651 -0.243102 -0.404467 -0.455318 0.663450 0.593734 
0.850125 0.036823 -0.525292 -0.524478 -0.029863 -0.850900 -0.047019 0.998876 -0.006074 
0.525063 -0.837315 0.152357 -0.307305 -0.353471 -0.883528 0.793645 0.417088 -0.442906 
-0.871382 0.160939 -0.463457 0.094229 0.981977 0.163833 0.481471 0.099091 -0.870842 
0.261689 0.155078 0.952612 0.933664 0.209383 -0.290570 -0.244522 0.965458 -0.089997 
-0.539284 -0.621125 0.568662 -0.840057 0.349495 -0.414919 0.058972 -0.701467 -0.710258 
-0.298354 -0.953633 -0.039613 -0.485940 0.116048 0.866254 -0.821491 0.277700 -0.498032 
0.433834 -0.864897 0.252470 -0.887664 -0.458313 -0.044740 0.154406 -0.204699 -0.966570 
0.362752 -0.839279 0.404996 -0.466561 0.212638 0.858549 -0.806680 -0.500395 -0.314440 
-0.419569 0.164377 0.892716 0.878918 0.319356 0.354281 -0.226858 0.933269 -0.278466 
0.638131 0.365455 -0.677667 0.663862 -0.706975 0.243872 -0.389969 -0.605499 -0.693754 
-0.046676 -0.469633 -0.881627 -0.426224 -0.788849 0.442776 -0.903413 0.396438 -0.163348 
-0.581604 -0.507500 0.635752 -0.813307 0.347009 -0.467030 0.016406 -0.788688 -0.614575 
0.747418 -0.009467 0.664286 -0.367135 -0.839235 0.401120 0.553695 -0.543687 -0.630735 
-0.466137 -0.765194 -0.444067 -0.633610 0.639046 -0.436072 0.617459 0.078096 -0.782717 
0.971432 0.003442 -0.237293 -0.045051 -0.979038 -0.198631 -0.233003 0.203647 -0.950914 
0.358422 -0.735167 -0.575380 -0.001288 0.615939 -0.787792 0.933559 0.283103 0.219820 
0.288769 0.934039 -0.210198 0.294448 -0.295554 -0.908817 -0.910996 0.200546 -0.360372 
0.925715 -0.378069 -0.010755 0.285005 0.678587 0.676972 -0.248644 -0.629748 0.735930 
0.067874 -0.839620 0.538916 0.303423 -0.497204 -0.812848 0.950435 0.218691 0.221013 
0.656678 -0.053245 -0.752289 0.171349 -0.960884 0.217581 -0.734448 -0.271784 -0.621868 
-0.079045 0.989976 0.117042 -0.525886 0.058332 -0.848552 -0.846874 -0.128624 0.516004 
-0.424280 0.320889 0.846768 -0.879314 0.077385 -0.469913 -0.216317 -0.943950 0.249329 
0.630730 0.667111 0.396413 -0.184026 0.624854 -0.758744 -0.753866 0.405612 0.516880 
-0.443205 -0.406346 0.799032 0.896343 -0.189146 0.400990 -0.011807 0.893927 0.448056 
-0.675173 -0.376423 -0.634387 0.677656 0.023236 -0.735012 0.291416 -0.926157 0.239397 
0.734074 0.655717 0.176555 0.081243 -0.342931 0.935841 0.674192 -0.672632 -0.305009 
-0.054201 -0.584153 0.809832 -0.264496 0.790453 0.552472 -0.962863 -0.184252 -0.197350 
0.606947 -0.665970 0.433703 0.478946 0.741994 0.469101 -0.634212 -0.077000 0.769315 
-0.339234 0.803943 0.488464 -0.921547 -0.179760 -0.344147 -0.188868 -0.566889 0.801852 
-0.218090 0.254468 0.942169 -0.311469 0.896772 -0.314305 -0.924891 -0.362003 -0.116318 
0.594492 -0.729195 0.338902 0.767742 0.389430 -0.508838 0.239063 0.562689 0.791347 
-0.433393 0.161006 0.886706 0.805619 -0.371769 0.461265 0.403917 0.914256 0.031412 
0.314935 0.903076 0.292009 -0.734716 0.426737 -0.527341 -0.600840 -0.048465 0.797899 
0.837652 0.252203 0.484492 -0.012713 -0.877774 0.478905 0.546056 -0.407315 -0.732063 
0.690183 -0.514432 -0.508928 0.604967 0.796095 0.015721 0.397068 -0.318734 0.860666 
-0.519187 0.009195 0.854611 -0.655919 0.636771 -0.405331 -0.547918 -0.770998 -0.324572 
0.529736 0.838390 -0.128381 0.667359 -0.505427 -0.546970 -0.523461 0.204073 -0.827250 
0.261756 -0.008022 -0.965101 0.695730 -0.691484 0.194444 -0.668912 -0.722347 -0.175419 
-0.136757 -0.954329 -0.265621 0.714815 -0.280707 0.640502 -0.685811 -0.102276 0.720557 
-0.716995 -0.318734 0.619941 0.632044 -0.672348 0.385315 0.294003 0.668099 0.683525 
0.210079 0.961699 0.176075 -0.757252 0.046138 0.651491 0.618414 -0.270198 0.737941 
0.919833 -0.265918 0.288435 -0.384090 -0.760140 0.524082 0.079889 -0.592853 -0.801338 
-0.381484 -0.885394 0.265609 0.587542 -0.454078 -0.669782 0.713627 -0.099454 0.693430 
-0.971130 0.041166 0.234973 -0.099526 0.825258 -0.555917 -0.216798 -0.563254 -0.797336 
0.465476 0.773514 -0.430127 0.547612 0.130088 0.826558 0.695308 -0.620285 -0.363032 
-0.093725 0.915541 0.391153 0.868523 -0.116876 0.481672 0.486706 0.384870 -0.784214 
-0.110376 -0.429721 0.896190 0.941959 -0.332884 -0.043604 0.317065 0.839362 0.441522 
0.198571 0.735425 0.647858 -0.786236 0.514187 -0.342701 -0.585151 -0.441319 0.680321 
0.069209 -0.591195 0.803554 -0.517495 0.667360 0.535565 -0.852883 -0.452901 -0.259753 
0.482244 -0.523923 -0.702101 0.864052 0.152348 0.479796 -0.144413 -0.838030 0.526166 
-0.289736 -0.212452 0.933229 0.009438 -0.975640 -0.219177 0.957060 -0.054696 0.284683 
-0.628427 -0.138723 0.765399 0.728829 -0.448850 0.517051 0.271822 0.882774 0.383175 
-0.762245 0.353035 -0.542538 0.313522 0.934655 0.167703 0.566291 -0.042267 -0.823121 
0.564836 0.817248 0.114305 0.783073 -0.487139 -0.386641 -0.260300 0.307898 -0.915119 
0.000512 -0.999908 -0.013555 -0.880199 0.005983 -0.474566 0.474604 0.012174 -0.880115 
-0.960126 -0.274962 -0.050530 0.275626 -0.900764 -0.335641 0.046773 -0.336185 0.940634 
0.222772 0.859341 -0.460332 -0.187411 0.501142 0.844828 0.956687 -0.101933 0.272690 
0.477826 0.541815 -0.691461 0.825525 -0.546055 0.142591 -0.300318 -0.638952 -0.708202 
-0.306817 0.641955 -0.702678 0.300601 0.765857 0.568420 0.903052 -0.036825 -0.427951 
0.103176 -0.735558 0.669559 -0.034999 0.670050 0.741490 -0.994047 -0.099938 0.043390 
0.096322 -0.223490 0.969935 0.945252 -0.284721 -0.159476 0.311802 0.932194 0.183830 
0.685291 -0.684212 -0.249459 -0.728216 -0.639668 -0.246019 0.008758 0.350255 -0.936613 
0.815531 -0.572923 -0.081657 -0.433756 -0.511734 -0.741609 0.383099 0.640224 -0.665844 
-0.182898 0.848855 -0.495977 -0.466095 0.369320 0.803964 0.865623 0.378216 0.328100 
0.083511 0.703385 0.705886 0.014953 0.707396 -0.706659 -0.996395 0.069569 0.048557 
0.478466 -0.512532 -0.713009 0.794511 -0.093089 0.600073 -0.373929 -0.853608 0.362672 
0.985522 0.009758 0.169265 -0.124550 -0.635700 0.761822 0.115036 -0.771875 -0.625281 
-0.083971 0.764509 0.639121 -0.975630 0.067403 -0.208811 -0.202717 -0.641080 0.740218 
0.378394 0.876525 0.297527 0.657825 -0.028510 -0.752631 -0.651217 0.480511 -0.587388 
-0.649023 -0.454425 -0.610136 0.624873 -0.775883 -0.086827 -0.433938 -0.437610 0.787525 
-0.358808 -0.155521 0.920364 0.901507 0.197851 0.384889 -0.241953 0.967816 0.069213 
0.543470 -0.481434 -0.687650 -0.353810 0.611491 -0.707741 0.761222 0.627933 0.161991 
-0.763152 -0.294641 0.575140 -0.639744 0.218794 -0.736788 0.091251 -0.930224 -0.355467 
0.410724 0.094022 0.906899 0.129117 0.978647 -0.159936 -0.902571 0.182786 0.389814 
0.626969 0.741758 0.238130 -0.362195 0.548164 -0.753877 -0.689729 0.386408 0.612343 
0.366097 -0.476815 0.799137 0.420585 0.850822 0.314976 -0.830109 0.220793 0.512025 
0.934426 -0.183635 -0.305166 0.061842 0.927470 -0.368747 0.350748 0.325695 0.878009 
0.981460 0.100312 0.163324 0.178123 -0.162699 -0.970464 -0.070777 0.981563 -0.177550 
-0.455728 0.204917 -0.866211 0.213814 -0.919447 -0.330002 -0.864058 -0.335599 0.375203 
0.110677 0.723061 0.681861 -0.955857 -0.110457 0.272281 0.272192 -0.681896 0.678917 
-0.771642 -0.541410 -0.333831 -0.100600 -0.414355 0.904538 -0.628051 0.731563 0.265267 
0.427944 -0.903768 -0.008239 -0.893120 -0.424264 0.149456 -0.138569 -0.056600 -0.988734 
0.009496 0.556823 -0.830577 -0.045501 -0.829513 -0.556630 -0.998919 0.043077 0.017459 
0.987322 0.115665 0.108704 0.116247 -0.060588 -0.991371 -0.108081 0.991439 -0.073266 
0.247401 0.958410 -0.142279 0.911384 -0.180343 0.369941 0.328896 -0.221194 -0.918096 
0.893860 0.146592 0.423704 0.178081 -0.983377 -0.035459 0.411463 0.107148 -0.905106 
0.541216 -0.557484 -0.629521 0.687661 0.724293 -0.050211 0.483950 -0.405722 0.775359 
0.501086 0.511879 -0.697776 0.626766 0.341316 0.700477 0.596722 -0.788342 -0.149800 
0.286208 0.955512 0.071281 -0.945898 0.293627 -0.138056 -0.152845 -0.027912 0.987856 
-0.642426 0.593811 -0.484436 -0.065833 -0.672561 -0.737108 -0.763515 -0.441645 0.471163 
0.427781 -0.741271 -0.517224 -0.129111 -0.616469 0.776721 -0.894614 -0.265487 -0.359420 
0.192528 -0.461544 -0.865974 -0.601069 -0.753025 0.267712 -0.775661 0.468968 -0.422398 
0.721185 0.632508 0.282535 0.594839 -0.356385 -0.720525 -0.355047 0.687695 -0.633260 
0.425362 0.755214 0.498717 -0.454652 0.654788 -0.603775 -0.782534 0.030080 0.621881 
-0.871202 -0.396077 0.290051 0.442723 -0.378564 0.812826 -0.212139 0.836548 0.505158 
0.654339 0.497926 0.569132 -0.399300 -0.411637 0.819216 0.642184 -0.763299 -0.070528 
0.586798 0.790203 -0.176772 -0.610259 0.288088 -0.737963 -0.532214 0.540911 0.651278 
-0.170542 -0.704902 0.688498 -0.951380 0.299686 0.071169 -0.256500 -0.642885 -0.721738 
0.607312 0.424734 -0.671396 -0.415150 0.890195 0.187626 0.677365 0.164782 0.716955 
0.482330 -0.042293 -0.874968 0.342266 0.928535 0.143793 0.806357 -0.368827 0.462336 
-0.796656 -0.589760 0.132372 -0.452494 0.727116 0.516286 -0.400735 0.351404 -0.846125 
-0.708973 -0.662505 -0.241755 0.369906 -0.641194 0.672339 -0.600440 0.387244 0.699653 
-0.523649 -0.223985 0.821963 -0.796179 0.471966 -0.378612 -0.303135 -0.852689 -0.425476 
-0.665360 -0.575616 -0.475355 0.539417 -0.810893 0.226898 -0.516068 -0.105446 0.850032 
-0.133968 -0.988220 -0.073987 -0.131330 0.091706 -0.987088 0.982245 -0.122521 -0.142068 
-0.483361 0.528082 0.698206 -0.260449 0.674702 -0.690611 -0.835780 -0.515662 -0.188586 
-0.605525 -0.423970 -0.673490 -0.374896 0.898459 -0.228527 0.701992 0.114109 -0.702984 
0.271852 0.816454 0.509411 0.084869 -0.547625 0.832409 0.958589 -0.183059 -0.218164 
0.395225 -0.892459 0.217519 -0.884045 -0.433870 -0.173845 0.249524 -0.123589 -0.960450 
-0.488367 0.128429 -0.863136 0.213747 0.976585 0.024371 0.846056 -0.172590 -0.504383 
0.219151 -0.874265 -0.433167 -0.169664 -0.471342 0.865477 -0.960826 -0.116178 -0.251627 
0.680071 -0.683815 -0.264387 0.489926 0.155601 0.857765 -0.545414 -0.712871 0.440838 
0.169960 0.843210 0.510010 -0.910626 -0.063429 0.408334 0.376661 -0.533829 0.757069 
-0.210452 0.210212 0.954736 0.840096 0.538328 0.066654 -0.499949 0.816097 -0.289890 
-0.475536 0.375708 0.795430 0.019963 0.908586 -0.417221 -0.879470 -0.182524 -0.439566 
-0.779840 -0.610995 -0.136142 -0.273912 0.137510 0.951873 -0.562869 0.779600 -0.274595 
0.573867 -0.648042 -0.500717 0.633326 -0.036452 0.773026 -0.519206 -0.760731 0.389504 
0.798071 0.509645 -0.321472 -0.036579 0.573500 0.818389 0.601452 -0.641373 0.476336 
-0.247437 0.967425 0.053515 -0.801051 -0.173187 -0.572996 -0.545062 -0.184648 0.817809 
-0.703088 0.040012 -0.709977 0.600734 -0.500826 -0.623131 -0.380507 -0.864623 0.328088 
0.056772 -0.031404 0.997893 0.637279 0.770540 -0.012007 -0.768539 0.636618 0.063758 
-0.785380 0.549085 -0.285804 0.356724 0.024134 -0.933898 -0.505892 -0.835418 -0.214826 
-0.827481 0.404321 0.389615 -0.556455 -0.683257 -0.472777 0.075053 -0.608017 0.790368 
0.613300 -0.563653 0.553315 -0.318996 0.464100 0.826349 -0.722568 -0.683306 0.104829 
-0.404469 -0.196510 -0.893190 0.461329 -0.887123 -0.013731 -0.789671 -0.417609 0.449469 
-0.949381 -0.141326 -0.280539 -0.155153 0.987505 0.027587 0.273135 0.069717 -0.959446 
-0.101495 0.442542 0.890985 -0.242484 -0.879603 0.409267 0.964832 -0.174511 0.196585 
-0.671004 -0.723001 -0.164387 -0.472046 0.587535 -0.657248 0.571774 -0.363418 -0.735528 
0.509040 0.308781 -0.803450 0.287370 -0.940847 -0.179517 -0.811355 -0.139506 -0.567663 
0.837959 -0.539551 0.081915 -0.521072 -0.746416 0.413941 -0.162200 -0.389549 -0.906610 
-0.204565 -0.865931 0.456418 -0.071858 0.478305 0.875249 -0.976212 0.146248 -0.160069 
-0.037802 0.586493 0.809072 -0.984331 0.117691 -0.131304 -0.172229 -0.801358 0.572854 
-0.228875 0.061400 0.971517 0.765493 0.627882 0.140657 -0.601362 0.775883 -0.190708 
0.154098 -0.789967 0.593469 0.855701 -0.193600 -0.479890 0.493993 0.581782 0.646142 
-0.082751 -0.326450 -0.941585 -0.949206 -0.261997 0.174255 -0.303579 0.908178 -0.288188 
0.902091 0.119621 0.414635 0.021309 0.947295 -0.319653 -0.431019 0.297191 0.851998 
0.839307 0.207467 -0.502515 0.253662 0.668099 0.699499 0.480853 -0.714564 0.508113 
0.167294 -0.967629 -0.188961 0.799938 0.021189 0.599709 -0.576292 -0.251485 0.777588 
0.043252 0.990917 0.127329 -0.053037 -0.124991 0.990739 0.997655 -0.049605 0.047149 
-0.342508 -0.097911 0.934399 -0.141787 0.988551 0.051612 -0.928754 -0.114808 -0.352469 
-0.230066 -0.940815 -0.248871 0.048097 0.244426 -0.968474 0.971986 -0.234783 -0.010984 
-0.583239 0.355068 -0.730588 0.608923 -0.404169 -0.682540 -0.537629 -0.842956 0.019518 
0.486390 -0.707080 0.513286 -0.426880 0.320266 0.845697 -0.762363 -0.630450 -0.146064 
0.196704 -0.790424 -0.580119 0.336053 -0.501486 0.797233 -0.921073 -0.351769 0.166980 
0.120891 0.745443 0.655515 0.452281 -0.629196 0.632103 0.883644 0.220062 -0.413214 
-0.299276 -0.954167 -0.000578 0.938501 -0.294252 -0.180643 0.172194 -0.054605 0.983549 
-0.375130 0.038682 -0.926165 0.548317 -0.796333 -0.255347 -0.747413 -0.603620 0.277519 
-0.109943 0.758725 -0.642066 -0.982929 -0.178876 -0.043067 -0.147526 0.626370 0.765439 
0.129954 0.528830 -0.838720 0.663252 -0.675142 -0.322925 -0.737027 -0.514317 -0.438485 
-0.402521 -0.776928 0.484107 0.145655 -0.576462 -0.804037 0.903749 -0.253129 0.345201 
0.934485 0.354335 0.034415 0.238691 -0.551893 -0.799025 -0.264129 0.754891 -0.600312 
-0.077153 0.641927 -0.762874 -0.451312 0.659790 0.600829 0.889025 0.390650 0.238805 
-0.045477 -0.891452 0.450827 -0.551298 -0.353952 -0.755506 0.833068 -0.282898 -0.475359 
0.931386 0.147995 -0.332593 0.053497 -0.959357 -0.277078 -0.360082 0.240274 -0.901448 
0.051379 0.989891 -0.132194 -0.952713 0.008887 -0.303741 -0.299496 0.141549 0.943539 
-0.394484 0.870362 -0.294708 0.629284 0.489590 0.603575 0.669615 0.052646 -0.740840 
0.543944 -0.813627 0.205271 -0.836794 -0.544163 0.060518 0.062462 -0.204688 -0.976832 
-0.486800 0.330702 0.808493 -0.322506 -0.928215 0.185489 0.811798 -0.170448 0.558509 
-0.360592 0.147281 -0.921022 -0.388658 -0.921369 0.004829 -0.847890 0.359704 0.389481 
-0.190313 0.421810 -0.886486 -0.257929 0.849783 0.459718 0.947235 0.316141 -0.052928 
-0.214930 0.858204 0.466145 0.944797 0.061846 0.321765 0.247311 0.509570 -0.824121 
0.459816 0.866524 0.194181 0.649517 -0.179068 -0.738960 -0.605555 0.465909 -0.645160 
-0.560742 -0.483556 0.672117 -0.307496 -0.632073 -0.711288 0.768775 -0.605522 0.205738 
-0.660955 -0.627744 0.411189 -0.438842 -0.121151 -0.890360 0.608734 -0.768934 -0.195405 
0.562823 0.047630 -0.825204 -0.537680 0.779350 -0.321737 0.627798 0.624777 0.464245 
-0.520497 -0.852186 0.053501 -0.301201 0.124615 -0.945383 0.798975 -0.508183 -0.321541 
-0.251329 -0.516938 0.818296 -0.741641 -0.440390 -0.505990 0.621935 -0.734052 -0.272700 
-0.328171 -0.382331 0.863786 -0.727315 -0.481223 -0.489323 0.602757 -0.788827 -0.120152 
-0.954252 -0.194113 0.227428 0.255651 -0.135211 0.957267 -0.155068 0.971616 0.178651 
0.518381 -0.298092 0.801513 0.398208 0.913601 0.082237 -0.756777 0.276539 0.592296 
0.566541 0.505309 -0.650918 0.799791 -0.527382 0.286708 -0.198406 -0.683031 -0.702926 
-0.889798 0.024062 0.455720 -0.179798 0.899354 -0.398542 -0.419444 -0.436560 -0.795916 
-0.196765 0.965260 0.171923 0.220821 -0.127217 0.966982 0.955260 0.228232 -0.188118 
0.385358 -0.743285 0.546834 0.041710 -0.577966 -0.814994 0.921824 0.336873 -0.191722 
0.074746 0.854933 -0.513325 -0.136710 0.518690 0.843962 0.987787 0.007094 0.155648 
0.289236 0.746119 -0.599708 0.351016 -0.665513 -0.658696 -0.890579 -0.019989 -0.454390 
-0.243734 -0.732329 0.635836 0.360845 -0.677016 -0.641436 0.900213 0.073098 0.429270 
0.918480 0.325597 -0.224457 -0.230271 -0.021114 -0.972897 -0.321512 0.945273 0.055583 
0.545946 0.827090 -0.133659 0.406881 -0.401195 -0.820664 -0.732387 0.393655 -0.555559 
-0.768378 -0.453696 0.451394 -0.486872 -0.043402 -0.872394 0.415393 -0.890099 -0.187542 
-0.723397 0.449088 0.524421 0.549905 -0.084533 0.830939 0.417495 0.889480 -0.185805 
-0.312441 -0.110480 0.943491 -0.112928 -0.981851 -0.152368 0.943201 -0.154153 0.294295 
0.832890 0.034004 0.552393 -0.283356 -0.831167 0.478404 0.475398 -0.554982 -0.682636 
0.937450 0.120484 -0.326605 -0.044384 0.971907 0.231141 0.345279 -0.202187 0.916462 
-0.993046 -0.058759 0.102014 0.091484 -0.930548 0.354558 0.074096 0.361425 0.929452 
-0.991478 0.098321 -0.085460 -0.106524 -0.989526 0.097420 -0.074987 0.105693 0.991567 
-0.989689 -0.133683 -0.051431 0.133542 -0.991024 0.006184 -0.051796 -0.000748 0.998657 
0.855974 0.443275 0.266114 0.043224 0.451551 -0.891197 -0.515210 0.774344 0.367356 
0.272650 -0.952539 -0.135395 0.716914 0.107291 0.688857 -0.641636 -0.284883 0.712141 
0.941958 0.296174 -0.158101 -0.327220 0.915271 -0.234960 0.075117 0.273056 0.959061 
-0.417224 0.211175 0.883928 0.902680 0.209015 0.376141 -0.105323 0.954839 -0.277830 
0.798499 -0.601994 0.001604 0.107723 0.145507 0.983475 -0.592279 -0.785131 0.181036 
-0.927974 -0.371368 -0.030829 -0.284976 0.653919 0.700841 -0.240110 0.659148 -0.712651 
0.793721 -0.440900 0.419064 0.460569 -0.014422 -0.887507 0.397345 0.897440 0.191618 
-0.483580 0.859020 0.168032 -0.511777 -0.433222 0.741892 0.710095 0.272769 0.649124 
0.533585 -0.128882 0.835869 0.817270 -0.175728 -0.548808 0.217617 0.975966 0.011565 
0.361449 -0.606387 -0.708272 -0.308978 -0.794606 0.522622 -0.879708 0.029939 -0.474570 
0.581951 -0.393594 0.711630 0.703177 0.683117 -0.197215 -0.408504 0.615171 0.674306 
-0.506352 0.251525 -0.824829 0.006119 0.957539 0.288237 0.862305 0.140903 -0.486391 
-0.389253 -0.685001 0.615838 -0.919477 0.329000 -0.215225 -0.055182 -0.650025 -0.757907 
0.448328 0.401501 0.798623 0.332926 0.754159 -0.566043 -0.829555 0.519656 0.204440 
0.487868 -0.282502 -0.825940 0.038704 0.952254 -0.302844 0.872059 0.115781 0.475508 
-0.825916 -0.463515 -0.320962 0.534697 -0.824495 -0.185221 -0.178779 -0.324594 0.928804 
0.246338 0.926617 -0.284075 -0.918882 0.316496 0.235555 0.308178 0.203005 0.929417 
-0.666009 -0.725726 -0.172496 0.539273 -0.628204 0.560842 -0.515380 0.280503 0.809754 
0.429061 -0.810122 -0.399511 -0.774043 -0.557729 0.299658 -0.465579 0.180667 -0.866369 
0.662888 0.105666 0.741224 -0.578353 0.700977 0.417301 -0.475486 -0.705313 0.525782 
-0.525535 0.746274 -0.408520 0.825505 0.331139 -0.457043 -0.205802 -0.577428 -0.790078 
-0.363938 0.402115 -0.840150 0.244720 0.911598 0.330303 0.898700 -0.085392 -0.430171 
0.817451 0.295881 0.494195 -0.573183 0.502581 0.647204 -0.056878 -0.812321 0.580430 
-0.049183 0.998324 -0.030489 0.622744 0.054517 0.780524 0.780878 0.019401 -0.624382 
0.458800 -0.056137 0.886764 -0.761962 -0.538240 0.360156 0.457074 -0.840920 -0.289719 
0.397957 -0.785350 0.474190 -0.601966 -0.613587 -0.511027 0.692291 -0.082079 -0.716935 
-0.966493 -0.035045 0.254290 -0.167832 0.835835 -0.522697 -0.194226 -0.547861 -0.813711 
0.863946 0.455552 0.214638 -0.407662 0.382444 0.829186 0.295650 -0.803871 0.516122 
0.375584 0.425514 0.823331 0.017501 0.884955 -0.465347 -0.926623 0.189186 0.324928 
0.635438 0.527290 -0.564077 0.669553 -0.012407 0.742660 0.384599 -0.849595 -0.360932 
-0.013598 0.772984 -0.634280 -0.978784 0.119407 0.166503 0.204442 0.623088 0.754960 
-0.359296 -0.905221 0.226895 -0.594615 0.034673 -0.803263 0.719263 -0.423524 -0.550715 
-0.895521 -0.442765 0.044743 -0.032506 -0.035191 -0.998852 0.443831 -0.895947 0.017122 
-0.843285 -0.247373 0.477155 0.534292 -0.289480 0.794187 -0.058333 0.924666 0.376283 
0.180185 -0.932775 0.312194 -0.686183 -0.346603 -0.639546 0.704759 -0.098986 -0.702507 
-0.259262 -0.053831 0.964306 -0.603068 0.788899 -0.118101 -0.754382 -0.612161 -0.236995 
-0.563166 0.416305 -0.713816 0.004699 -0.862198 -0.506550 -0.826330 -0.288627 0.483604 
0.627465 -0.180950 -0.757327 0.018937 -0.968788 0.247164 -0.778414 -0.169428 -0.604454 
-0.956825 -0.110082 0.269014 0.134171 -0.988280 0.072806 0.257846 0.105757 0.960381 
0.581095 0.704906 0.406739 0.145541 0.401714 -0.904126 -0.800716 0.584580 0.130842 
-0.348526 0.528920 -0.773805 -0.740531 0.350703 0.573256 0.574581 0.772821 0.269452 
0.861439 0.407987 0.302439 0.350274 -0.908505 0.227875 0.367737 -0.090364 -0.925529 
-0.368403 -0.071743 0.926894 -0.867861 -0.330918 -0.370554 0.333311 -0.940928 0.059648 
-0.497113 0.595381 -0.631190 -0.866516 -0.378409 0.325511 -0.045045 0.708751 0.704019 
0.441410 0.489041 -0.752327 -0.428624 -0.621672 -0.655595 -0.788314 0.611852 -0.064797 
-0.571105 -0.225884 -0.789186 0.524720 -0.839792 -0.139351 -0.631275 -0.493686 0.598135 
-0.343910 -0.464514 0.816059 0.556125 0.599498 0.575610 -0.756605 0.651789 0.052154 
-0.083518 -0.536998 0.839439 -0.826216 -0.433646 -0.359610 0.557129 -0.723591 -0.407459 
-0.140042 -0.359843 -0.922443 -0.773220 0.621671 -0.125124 0.618481 0.695729 -0.365298 
0.620547 -0.749685 0.229987 -0.334241 0.012443 0.942406 -0.709369 -0.661678 -0.242854 
0.287050 -0.510520 -0.810538 -0.916955 -0.391228 -0.078321 -0.277121 0.765709 -0.580426 
0.760536 -0.150004 -0.631731 0.282221 0.952603 0.113569 0.584753 -0.264661 0.766824 
-0.251456 0.432518 -0.865851 0.889306 -0.249807 -0.383054 -0.381974 -0.866328 -0.321826 
0.690283 0.039028 -0.722486 -0.255811 0.947216 -0.193241 0.676809 0.318211 0.663831 
0.545478 -0.453137 0.705068 -0.155476 0.771935 0.616396 -0.823578 -0.445851 0.350621 
-0.595428 -0.799537 -0.078779 -0.509331 0.451493 -0.732622 0.621327 -0.396100 -0.676061 
0.405917 -0.759407 -0.508461 0.844577 0.099141 0.526176 -0.349172 -0.643018 0.681620 
0.431527 -0.250189 -0.866712 -0.895055 0.001091 -0.445953 0.112518 0.968196 -0.223462 
0.168075 0.881488 0.441283 -0.626782 -0.249950 0.738017 0.760851 -0.400631 0.510490 
0.850897 -0.235531 0.469574 0.486987 0.688887 -0.536915 -0.197023 0.685536 0.700873 
0.823370 -0.548422 -0.145927 0.200203 0.040094 0.978934 -0.531018 -0.835240 0.142808 
-0.651145 -0.496894 0.573678 0.019591 -0.766633 -0.641787 0.758700 -0.406657 0.508924 
-0.215259 0.949820 0.226948 -0.513333 0.087644 -0.853702 -0.830754 -0.300267 0.468708 
0.265043 0.800956 0.536863 0.931918 -0.355725 0.070635 0.247551 0.481591 -0.840707 
-0.323072 -0.213553 0.921965 -0.088355 0.976759 0.195283 -0.942241 -0.018370 -0.334432 
-0.803912 0.486570 -0.342016 0.592980 0.700052 -0.397872 0.045836 -0.522662 -0.851307 
-0.451128 0.395686 -0.799948 0.414203 -0.701127 -0.580393 -0.790519 -0.593172 0.152404 
0.132777 -0.990729 0.028748 -0.961427 -0.135791 -0.239206 0.240892 0.004122 -0.970543 
0.956933 0.119858 0.264412 0.179667 -0.959923 -0.215097 0.228034 0.253340 -0.940117 
0.365585 0.589504 0.720300 0.431441 -0.793038 0.430057 0.824746 0.153545 -0.544259 
0.010557 0.882906 -0.469432 -0.936178 0.173688 0.305618 0.351367 0.436246 0.828391 
0.677938 0.147631 -0.720142 -0.614865 -0.423054 -0.665557 -0.402916 0.893997 -0.196031 
-0.480805 -0.463854 0.744088 -0.663052 0.747628 0.037618 -0.573750 -0.475282 -0.667022 
-0.458650 0.725769 0.512737 -0.575401 0.197142 -0.793756 -0.677166 -0.659086 0.327189 
-0.172377 -0.460299 -0.870868 -0.420287 -0.765218 0.487648 -0.890868 0.450074 -0.061551 
-0.800240 -0.458254 0.386807 0.021349 -0.666384 -0.745303 0.599300 -0.588163 0.543051 
0.332246 0.441394 -0.833537 -0.284427 0.889487 0.357650 0.899285 0.118253 0.421073 
0.192176 0.979025 0.067658 -0.181928 0.103289 -0.977872 -0.964350 0.175615 0.197962 
0.991494 0.113793 -0.063180 -0.058648 0.823944 0.563628 0.116194 -0.555128 0.823609 
0.266625 0.949975 0.162660 -0.913551 0.302882 -0.271454 -0.307142 -0.076222 0.948607 
0.377039 0.909215 -0.176552 0.843008 -0.257925 0.472030 0.383640 -0.326808 -0.863723 
-0.421809 -0.141315 -0.895605 0.862750 -0.366313 -0.348536 -0.278819 -0.919698 0.276433 
0.505250 0.393420 0.768078 -0.274026 -0.770832 0.575089 0.818311 -0.501037 -0.281655 
0.131252 0.717448 0.684135 0.726435 -0.539202 0.426090 0.674585 0.441054 -0.591951 
0.753400 -0.036614 -0.656542 0.330343 -0.842233 0.426048 -0.568561 -0.537869 -0.622443 
-0.591981 -0.726267 -0.349419 0.705752 -0.676492 0.210411 -0.389194 -0.122044 0.913035 
0.920570 0.390490 0.008322 0.351484 -0.837530 0.418334 0.170325 -0.382180 -0.908255 
-0.002283 -0.052225 0.998633 -0.877659 -0.478522 -0.027031 0.479279 -0.876521 -0.044743 
0.070477 0.492609 -0.867392 -0.386218 0.815208 0.431592 0.919711 0.304585 0.247708 
-0.525066 -0.849869 0.045036 0.284087 -0.125141 0.950597 -0.802247 0.511921 0.307144 
0.598541 -0.606837 -0.522970 -0.291713 0.442897 -0.847789 0.746091 0.659994 0.088069 
-0.770038 0.637108 0.033692 0.571428 0.712215 -0.407701 -0.283745 -0.294693 -0.912494 
0.823277 -0.556228 0.113249 -0.078126 -0.308643 -0.947964 0.562238 0.771590 -0.297554 
0.864408 -0.358935 0.352085 -0.412791 -0.906429 0.089384 0.287058 -0.222602 -0.931690 
0.757860 0.611277 -0.228011 0.306765 -0.642317 -0.702370 -0.575798 0.462353 -0.674305 
0.657374 0.361213 -0.661350 -0.162751 0.924971 0.343424 0.735779 -0.118123 0.666840 
-0.991173 0.011551 0.132067 0.122620 0.458553 0.880167 -0.050393 0.888592 -0.455922 
0.835605 -0.343869 -0.428390 -0.118584 0.648539 -0.751888 0.536378 0.679081 0.501145 
-0.547153 -0.836143 0.038588 -0.521144 0.376376 0.765997 -0.655006 0.399007 -0.641685 
0.441748 0.895701 -0.050784 0.873694 -0.442370 -0.202405 -0.203759 0.045042 -0.977984 
-0.097206 0.986109 -0.134685 0.724595 -0.022651 -0.688802 -0.682285 -0.164548 -0.712328 
0.412129 0.909480 -0.054732 -0.722062 0.362656 0.589158 0.555676 -0.203289 0.806162 
0.211779 0.743714 0.634065 0.910961 -0.385201 0.147551 0.353978 0.546360 -0.759072 
-0.340618 -0.253583 -0.905359 -0.259140 0.950964 -0.168862 0.903784 0.177097 -0.389628 
0.091724 0.500824 -0.860675 -0.723696 0.627221 0.287852 0.683996 0.596464 0.419976 
-0.277693 -0.820479 0.499700 0.676693 0.202150 0.707970 -0.681890 0.534742 0.499077 
-0.383275 0.603992 0.698780 -0.922120 -0.206919 -0.326924 -0.052869 -0.769661 0.636260 
-0.693323 0.524058 -0.494638 -0.629299 -0.774746 0.061248 -0.351121 0.353740 0.866938 
0.055995 0.920222 -0.387370 -0.989308 0.103466 0.102785 0.134664 0.377473 0.916177 
-0.279983 -0.752940 -0.595559 0.895846 -0.427903 0.119827 -0.345064 -0.499980 0.794324 
0.531105 -0.454274 0.715236 0.686952 0.725007 -0.049623 -0.496008 0.517688 0.697119 
-0.202601 -0.157055 -0.966585 -0.723300 -0.641397 0.255824 -0.660143 0.750962 0.016350 
0.537459 0.240057 0.808400 -0.192123 -0.898560 0.394561 0.821113 -0.367373 -0.436818 
0.357127 0.470252 0.807046 -0.929665 0.095269 0.355876 0.090465 -0.877375 0.471200 
0.323700 0.689756 0.647653 0.763337 -0.594830 0.251980 0.559048 0.412812 -0.719063 
-0.891299 0.344046 0.295327 0.371106 0.927763 0.039189 -0.260510 0.144526 -0.954592 
0.340887 0.136273 0.930175 -0.881050 -0.298843 0.366665 0.327943 -0.944522 0.018191 
-0.803809 0.586909 0.097104 -0.035062 0.116207 -0.992606 -0.593854 -0.801270 -0.072830 
-0.693575 -0.525871 -0.492355 -0.202993 0.798434 -0.566831 0.691193 -0.293195 -0.660522 
-0.688904 0.137625 0.711667 0.539310 0.753314 0.376382 -0.484309 0.643100 -0.593184 
-0.466532 0.755015 0.460760 -0.220137 -0.603646 0.766258 0.856673 0.256053 0.447827 
-0.075352 0.513986 0.854482 0.550525 0.735926 -0.394125 -0.831411 0.440716 -0.338416 
0.925462 -0.378835 -0.002279 -0.207860 -0.502736 -0.839078 0.316726 0.777008 -0.544007 
-0.513031 -0.092639 0.853357 -0.580963 -0.694374 -0.424650 0.631888 -0.713627 0.302415 
-0.294670 -0.913941 -0.279071 -0.955182 0.290327 0.057770 0.028224 0.283587 -0.958531 
0.379453 -0.638187 0.669875 0.611617 0.716284 0.335948 -0.694219 0.282230 0.662123 
0.773766 -0.614902 0.152256 0.621584 0.783333 0.004679 -0.122144 0.091020 0.988330 
-0.401377 -0.200796 -0.893632 0.876076 0.200451 -0.438532 0.267185 -0.958906 0.095456 
-0.145385 0.708275 -0.690804 0.084505 -0.686782 -0.721935 -0.985760 -0.163335 0.039994 
0.154855 -0.512821 -0.844414 0.803974 -0.431315 0.409380 -0.574147 -0.742282 0.345503 
-0.278712 0.538346 -0.795301 0.941721 -0.009224 -0.336268 -0.188364 -0.842673 -0.504401 
0.705311 -0.394486 -0.588997 0.171185 -0.711496 0.681520 -0.687919 -0.581511 -0.434296 
-0.093068 0.039984 -0.994857 0.696284 -0.711619 -0.093738 -0.711707 -0.701427 0.038389 
-0.840564 0.512224 -0.176292 0.292223 0.154730 -0.943750 -0.456134 -0.844799 -0.279744 
0.836797 -0.413209 -0.359207 -0.512151 -0.358784 -0.780369 0.193577 0.836978 -0.511855 
-0.536402 0.841213 0.068067 -0.423822 -0.198749 -0.883671 -0.729827 -0.502851 0.463134 
-0.557979 -0.829569 -0.021784 0.819461 -0.554941 0.143264 -0.130936 0.062087 0.989445 
0.229841 -0.640043 0.733156 0.885306 0.450396 0.115655 -0.404235 0.622486 0.670154 
-0.324427 -0.893851 0.309478 0.647533 -0.448363 -0.616175 0.689528 0.000493 0.724259 
-0.129587 0.164261 0.977868 0.951542 -0.256769 0.169230 0.278884 0.952412 -0.123028 
0.020209 0.866269 -0.499168 0.047396 -0.499539 -0.864994 -0.998672 -0.006177 -0.051153 
0.654389 0.736472 -0.171418 -0.083423 -0.154997 -0.984386 -0.751542 0.658472 -0.039989 
-0.316230 0.895573 -0.312964 0.245870 0.395991 0.884725 0.916268 0.202829 -0.345419 
0.631303 0.551321 0.545437 -0.771420 0.518772 0.368493 -0.079799 -0.653392 0.752802 
0.679943 0.722131 0.127295 -0.303009 0.118624 0.945576 0.667730 -0.681509 0.299470 
0.040917 -0.482093 -0.875164 0.119501 -0.867249 0.483320 -0.991991 -0.124359 0.022125 
-0.538410 -0.781108 -0.316204 -0.411009 0.570991 -0.710663 0.735654 -0.252665 -0.628469 
-0.050248 -0.360050 -0.931579 -0.970962 0.236056 -0.038862 0.233897 0.902575 -0.361456 
-0.190462 -0.953323 0.234305 0.841234 -0.281518 -0.461597 0.506012 0.109189 0.855587 
0.549881 0.699061 0.457105 0.447591 -0.708684 0.545371 0.705190 -0.095293 -0.702585 
0.506416 0.828539 0.238886 -0.629681 0.166064 0.758897 0.589105 -0.534740 0.605812 
-0.160925 -0.190392 -0.968429 -0.520323 0.850150 -0.080676 0.838670 0.490913 -0.235876 
-0.201422 -0.466380 0.861347 -0.679696 -0.566644 -0.465755 0.705296 -0.679267 -0.202862 
-0.790995 -0.229559 -0.567124 -0.221066 -0.757082 0.614782 -0.570488 0.611661 0.548101 
-0.832046 0.109529 -0.543785 -0.132953 -0.991115 0.003801 -0.538538 0.075461 0.839216 
0.177209 0.514987 -0.838681 0.825139 -0.542212 -0.158595 -0.536417 -0.663924 -0.521020 
-0.507885 -0.160189 -0.846400 -0.376404 0.925063 0.050786 0.774838 0.344381 -0.530121 
-0.484504 0.749176 -0.451655 -0.860045 -0.313547 0.402505 0.159932 0.583459 0.796240 
0.958100 0.005845 -0.286374 -0.170324 -0.792200 -0.586011 -0.230290 0.610234 -0.758011 
0.871344 -0.307824 -0.382106 -0.104005 0.645176 -0.756922 0.479524 0.699280 0.530155 
-0.964010 -0.262914 0.039504 0.144104 -0.641580 -0.753398 0.223423 -0.720591 0.656377 
0.531372 0.840851 0.103020 -0.841839 0.510547 0.175065 0.094607 -0.179751 0.979152 
-0.996934 -0.027936 -0.073087 -0.073192 0.002754 0.997314 -0.027659 0.999606 -0.004790 
-0.656468 0.335561 0.675609 0.731429 0.064027 0.678905 0.184557 0.939840 -0.287471 
-0.682050 0.642246 -0.349754 -0.729603 -0.630211 0.265543 -0.049874 0.436295 0.898420 
0.603774 0.049596 -0.795611 0.728295 0.371468 0.575845 0.324104 -0.927120 0.188162 
0.880387 0.407429 -0.242737 0.032205 -0.562005 -0.826507 -0.473162 0.719828 -0.507903 
0.044031 -0.888408 -0.456938 -0.535567 0.365114 -0.761485 0.843344 0.278250 -0.459726 
-0.361197 -0.187560 0.913432 0.876459 0.266149 0.401227 -0.318364 0.945508 0.068257 
0.753720 0.351376 0.555375 0.380240 0.456102 -0.804605 -0.536026 0.817622 0.210166 
0.432376 -0.507890 0.745049 -0.811570 -0.579279 0.076093 0.392945 -0.637560 -0.662655 
0.913411 0.015772 0.406733 -0.284666 -0.689482 0.666018 0.290939 -0.724131 -0.625291 
-0.841016 0.253439 -0.477976 0.476558 -0.071170 -0.876258 -0.256096 -0.964730 -0.060923 
0.023951 -0.766056 0.642328 0.939243 0.237312 0.248003 -0.342416 0.597362 0.725196 
-0.540004 0.794490 -0.277815 -0.206854 -0.445232 -0.871194 -0.815847 -0.412982 0.404771 
-0.826003 -0.482392 -0.291578 0.440567 -0.875190 0.199859 -0.351596 0.036624 0.935435 
0.152917 0.254592 0.954882 -0.376769 0.908285 -0.181832 -0.913598 -0.331965 0.234815 
-0.681177 -0.603480 -0.414499 -0.544085 0.038455 0.838148 -0.489866 0.796450 -0.354539 
0.924708 0.351687 -0.145711 -0.280241 0.369838 -0.885824 -0.257643 0.859963 0.440550 
0.273366 0.812324 0.515171 -0.804642 0.486583 -0.340276 -0.527088 -0.321509 0.786645 
-0.600826 -0.343650 -0.721743 -0.716010 -0.170106 0.677048 -0.355440 0.923563 -0.143853 
0.871890 0.329976 0.361833 -0.446703 0.838684 0.311553 -0.200659 -0.433272 0.878642 
0.764277 -0.313734 0.563429 0.548955 -0.141985 -0.823705 0.338422 0.938835 0.063710 
0.328906 -0.794869 0.509906 0.661664 0.579224 0.476130 -0.673811 0.180785 0.716446 
-0.986801 -0.140895 0.079827 -0.159492 0.760268 -0.629726 0.028035 -0.634146 -0.772705 
-0.444738 0.603427 -0.661879 0.262456 0.794346 0.547842 0.856344 0.069932 -0.511649 
0.409634 -0.172933 -0.895709 -0.134740 -0.982568 0.128082 -0.902244 0.068221 -0.425795 
0.403882 0.287602 0.868426 -0.723191 -0.480986 0.495628 0.560245 -0.828213 0.013730 
0.498054 0.661607 -0.560552 -0.603577 -0.199636 -0.771907 -0.622605 0.722787 0.299901 
0.853668 0.237465 0.463532 0.466724 0.046165 -0.883197 -0.231128 0.970298 -0.071422 
-0.848740 0.520732 0.092079 0.359413 0.695769 -0.621875 -0.387896 -0.494715 -0.777685 
0.339791 0.940312 -0.018836 0.732505 -0.252031 0.632390 0.589897 -0.228678 -0.774421 
0.590549 -0.522634 -0.614903 0.668185 -0.110605 0.735728 -0.452528 -0.845352 0.283899 
0.359435 0.932391 -0.038131 0.827026 -0.299358 0.475828 0.432243 -0.202565 -0.878711 
-0.555721 0.071479 0.828290 -0.828253 -0.133776 -0.544152 0.071910 -0.988430 0.133545 
0.749879 0.400074 -0.526898 0.089745 -0.850584 -0.518125 -0.655459 0.341244 -0.673740 
-0.823657 -0.557331 -0.104741 0.125867 -0.359761 0.924516 -0.552943 0.748301 0.366470 
-0.476479 0.290785 0.829706 -0.684653 0.469323 -0.557661 -0.551560 -0.833775 -0.024535 
0.368999 0.870001 0.327015 -0.608731 0.492102 -0.622320 -0.702343 0.030571 0.711182 
-0.337348 0.631323 0.698304 0.123223 0.765019 -0.632110 -0.933280 -0.127194 -0.335871 
0.337028 0.941301 -0.019084 0.258983 -0.073202 0.963104 0.905174 -0.329536 -0.268452 
-0.266013 0.778795 -0.568080 -0.491098 -0.616591 -0.615335 -0.829494 0.115295 0.546486 
-0.733338 -0.544527 -0.407069 0.571198 -0.168757 -0.803277 0.368711 -0.821591 0.434789 
0.771249 -0.396053 -0.498314 -0.635908 -0.514107 -0.575600 -0.028219 0.760813 -0.648357 
-0.101337 0.991736 0.078679 0.378442 -0.034713 0.924974 0.920061 0.123510 -0.371796 
-0.206081 -0.518970 0.829579 0.603337 0.600065 0.525268 -0.770399 0.608763 0.189452 
-0.823304 0.227297 0.520103 0.251178 -0.675815 0.692953 0.508999 0.701149 0.499309 
-0.353832 -0.414377 0.838507 0.931615 -0.235741 0.276622 0.083045 0.879044 0.469452 
0.383478 0.805996 -0.450905 -0.906271 0.234406 -0.351748 -0.177812 0.543530 0.820340 
-0.381486 -0.405850 -0.830514 0.740975 0.402899 -0.537242 0.552653 -0.820340 0.147025 
0.174795 0.933243 0.313855 0.286054 0.256880 -0.923139 -0.942136 0.251139 -0.222057 
-0.556627 0.460861 -0.691212 0.818421 0.447082 -0.360978 0.142668 -0.766632 -0.626036 
-0.700796 -0.689645 -0.182413 0.291311 -0.510082 0.809292 -0.651170 0.514010 0.558365 
-0.808040 -0.406507 0.426407 0.567372 -0.342096 0.749039 -0.158617 0.847185 0.507068 
0.575328 -0.442156 -0.688111 0.704626 0.695128 0.142471 0.415331 -0.566829 0.711481 
-0.507286 0.823716 0.253285 0.591082 0.546454 -0.593305 -0.627123 -0.151263 -0.764092 
-0.725145 0.458129 -0.514083 0.580680 0.005579 -0.814113 -0.370101 -0.888868 -0.270072 
0.966785 -0.190089 -0.170857 -0.208080 -0.973559 -0.094263 -0.148421 0.126684 -0.980776 
-0.251791 0.962534 0.100641 -0.886035 -0.271103 0.376092 0.389285 0.005525 0.921101 
0.502239 -0.201347 0.840961 0.863069 0.056487 -0.501918 0.053557 0.977890 0.202147 
-0.806466 0.511923 0.295885 -0.243720 0.168124 -0.955162 -0.538715 -0.842419 -0.010821 
0.079183 0.680766 -0.728208 0.696687 0.484691 0.528869 0.712992 -0.549211 -0.435902 
-0.164332 0.983194 -0.079530 0.416359 -0.003954 -0.909192 -0.894226 -0.182523 -0.408712 
-0.621689 -0.326085 -0.712159 0.194681 -0.945017 0.262757 -0.758684 0.024710 0.650990 
0.178596 0.940363 0.289520 -0.704814 0.327587 -0.629225 -0.686542 -0.091680 0.721287 
0.086338 -0.158278 0.983613 0.295436 0.946958 0.126447 -0.951453 0.279677 0.128519 
-0.026604 -0.826719 0.561986 0.717702 0.375534 0.586411 -0.695842 0.418940 0.583347 
0.632852 0.078932 -0.770239 -0.083549 -0.982020 -0.169281 -0.769752 0.171483 -0.614879 
-0.406339 -0.394349 -0.824243 -0.620842 -0.542700 0.565714 -0.670406 0.741597 -0.024309 
-0.867710 -0.484636 -0.110484 0.479309 -0.874661 0.072325 -0.131687 0.009801 0.991243 
0.415580 0.744601 -0.522362 0.680935 0.126050 0.721415 0.603010 -0.655500 -0.454641 
-0.800373 -0.405790 -0.441290 -0.225218 0.885701 -0.405969 0.555589 -0.225540 -0.800282 
0.532020 0.786083 -0.314687 -0.539810 0.601210 0.589195 0.652349 -0.143593 0.744192 
0.259766 -0.944407 -0.201537 0.752312 0.067069 0.655385 -0.605433 -0.321865 0.727911 
-0.066414 -0.192557 0.979036 0.994868 0.062284 0.079738 -0.076332 0.979307 0.187432 
-0.698814 -0.444509 -0.560420 0.189717 -0.870590 0.453961 -0.689686 0.210913 0.692712 
0.118778 0.831328 0.542941 -0.797406 -0.245956 0.551044 0.591638 -0.498397 0.633692 
-0.528951 -0.680368 -0.507258 0.584339 -0.725449 0.363691 -0.615434 -0.104036 0.781292 
-0.761182 -0.536167 -0.364866 -0.398923 -0.056490 0.915243 -0.511334 0.842219 -0.170891 
0.248666 0.904696 -0.345963 -0.419620 0.422546 0.803352 0.872975 -0.054593 0.484701 
-0.608585 0.790664 0.066891 -0.079027 -0.144277 0.986377 0.789543 0.595008 0.150289 
-0.441891 0.894934 -0.061851 -0.470227 -0.289796 -0.833610 -0.763950 -0.339281 0.548880 
0.360056 -0.703086 0.613213 0.109688 -0.620835 -0.776230 0.926460 0.346748 -0.146416 
-0.866830 -0.181269 0.464487 0.364066 -0.866617 0.341220 0.340680 0.464883 0.817203 
-0.804917 -0.152369 -0.573491 0.593120 -0.235613 -0.769867 -0.017818 -0.959828 0.280022 
-0.840287 -0.135770 -0.524867 -0.398559 0.811000 0.428287 0.367518 0.569074 -0.735585 
0.364611 0.600136 0.711967 0.618991 -0.727418 0.296164 0.695636 0.332716 -0.636703 
-0.115134 -0.960814 0.252151 0.956555 -0.175685 -0.232674 0.267856 0.214408 0.939299 
0.081990 -0.990136 -0.113617 0.283139 0.132445 -0.949890 0.955568 0.045712 0.291205 
-0.273896 -0.102789 -0.956251 -0.475360 0.878803 0.041692 0.836070 0.465983 -0.289562 
-0.120834 0.680224 0.722976 -0.570141 0.548647 -0.611494 -0.812612 -0.486088 0.321529 
0.340938 -0.877048 0.338449 -0.513138 0.128037 0.848703 -0.787687 -0.463027 -0.406394 
0.190285 -0.604646 -0.773431 -0.891246 -0.436755 0.122172 -0.411670 0.666070 -0.621996 
-0.531981 -0.631789 -0.563772 0.792112 -0.136006 -0.595031 0.299258 -0.763115 0.572800 
0.715221 -0.078150 0.694516 0.475162 -0.674359 -0.565209 0.512524 0.734256 -0.445182 
-0.011133 -0.749440 -0.661979 0.285044 0.632173 -0.720491 0.958450 -0.196715 0.206585 
-0.331027 0.356874 0.873534 0.658445 0.750462 -0.057075 -0.675923 0.556281 -0.483405 
0.051288 -0.004483 -0.998674 -0.143743 -0.989611 -0.002939 -0.988285 0.143703 -0.051400 
-0.327213 0.542231 0.773897 0.583441 -0.528303 0.616841 0.743322 0.653362 -0.143492 
0.074247 0.870404 -0.486708 -0.555588 0.441399 0.704620 0.828136 0.218093 0.516358 
-0.647972 -0.724701 -0.234395 0.684068 -0.689043 0.239313 -0.334938 -0.005274 0.942225 
-0.239258 -0.965451 -0.103247 -0.883857 0.260579 -0.388453 0.401936 -0.001685 -0.915666 
0.856737 -0.465335 0.222406 0.362529 0.236619 -0.901435 0.366844 0.852921 0.371417 
0.096869 -0.959103 0.265964 0.298448 0.282915 0.911530 -0.949497 -0.008923 0.313649 
0.456890 -0.242422 -0.855852 0.670544 0.726068 0.152304 0.584485 -0.643473 0.494288 
-0.420912 -0.864153 -0.275814 -0.562574 0.010164 0.826685 -0.711578 0.503127 -0.490428 
-0.771586 0.293601 0.564317 -0.598917 -0.634239 -0.488916 0.214366 -0.715220 0.665213 
0.116684 0.347629 -0.930343 -0.811038 -0.507317 -0.291283 -0.573238 0.788532 0.222745 
-0.880926 0.460075 -0.110903 -0.437817 -0.881243 -0.178119 -0.179680 -0.108355 0.977739 
-0.085082 -0.875453 0.475754 0.832485 -0.324823 -0.448841 0.547476 0.357870 0.756439 
-0.990168 0.139014 -0.015573 0.139108 0.966851 -0.214122 -0.014710 -0.214183 -0.976683 
0.339865 0.267251 0.901703 -0.872231 -0.268991 0.408481 0.351717 -0.925322 0.141684 
0.831421 -0.346563 0.434319 0.410874 0.909671 -0.060672 -0.374061 0.228894 0.898713 
0.094571 -0.607508 0.788664 0.450247 -0.680458 -0.578147 0.887882 0.409770 0.209177 
0.466368 -0.879229 0.097248 0.639290 0.259016 -0.724029 0.611399 0.399834 0.682879 
0.648887 0.753296 0.107193 -0.332307 0.407300 -0.850693 -0.684484 0.516383 0.514618 
-0.414513 0.044015 0.908979 0.743218 0.592783 0.310219 -0.525173 0.804159 -0.278429 
0.638154 -0.144176 0.756289 0.485491 -0.687036 -0.540630 0.597543 0.712177 -0.368438 
-0.104789 -0.746016 0.657631 -0.407280 0.635467 0.655976 -0.907272 -0.199101 -0.370427 
-0.543646 -0.296987 0.785014 -0.136698 0.954146 0.266306 -0.828108 0.037466 -0.559315 
-0.689771 0.477625 0.544141 -0.502807 -0.856761 0.114655 0.520961 -0.194512 0.831122 
0.689680 -0.417517 0.591626 -0.137889 0.726359 0.673342 -0.710865 -0.545969 0.443384 
-0.752406 0.521460 -0.402449 0.294622 -0.280035 -0.913662 -0.589138 -0.806015 0.057066 
-0.234174 0.205299 -0.950271 -0.770147 0.557359 0.310199 0.593326 0.804489 0.027592 
0.874485 0.284427 0.392908 -0.281778 -0.361446 0.888796 0.394813 -0.887952 -0.235934 
-0.307011 0.943839 -0.122117 0.016981 -0.122861 -0.992279 -0.951554 -0.306714 0.021693 
-0.837460 0.253572 0.484109 -0.513876 -0.063907 -0.855480 -0.185988 -0.965203 0.183825 
0.283198 -0.665936 0.690166 -0.486640 -0.719883 -0.494925 0.826427 -0.195700 -0.527940 
-0.536530 0.353935 0.766072 0.843821 0.214175 0.492032 0.010074 0.910417 -0.413569 
-0.093251 -0.766044 -0.635988 -0.011628 0.639566 -0.768649 0.995575 -0.064282 -0.068548 
0.216106 0.736244 -0.641282 -0.402532 0.665569 0.628479 0.889532 0.122318 0.440195 
0.638398 -0.103091 -0.762772 0.732014 0.387633 0.560265 0.237917 -0.916031 0.322928 
-0.789434 0.536483 -0.298295 -0.313073 0.066100 0.947426 0.527996 0.841318 0.115777 
-0.533553 0.183241 -0.825678 0.102956 -0.954916 -0.278453 -0.839477 -0.233578 0.490632 
0.782442 0.196802 0.590807 -0.217655 0.975338 -0.036638 -0.583447 -0.099925 0.805981 
-0.620237 -0.248458 -0.744026 0.334939 -0.941581 0.035216 -0.709311 -0.227361 0.667222 
0.942809 -0.264881 0.202359 -0.166982 0.150105 0.974467 -0.288493 -0.952526 0.097290 
0.043933 0.953806 -0.297195 0.955215 0.047033 0.292150 0.292633 -0.296720 -0.909023 
0.980776 0.181904 -0.070634 0.077273 -0.029668 0.996568 0.179184 -0.982869 -0.043154 
0.835995 0.440648 -0.327018 -0.262492 0.844473 0.466866 0.481882 -0.304458 0.821642 
0.041650 -0.092569 -0.994835 0.071351 -0.992881 0.095374 -0.996581 -0.074954 -0.034749 
-0.392572 0.223922 -0.892046 0.465864 0.884692 0.017058 0.793005 -0.408876 -0.451623 
-0.910516 0.235842 -0.339615 -0.373299 -0.115716 0.920466 0.177786 0.964877 0.193401 
0.403986 -0.816940 -0.411587 -0.530487 -0.575778 0.622144 -0.745237 -0.032996 -0.665982 
-0.495857 0.820200 0.285302 -0.736125 -0.571287 0.362974 0.460701 -0.030035 0.887047 
0.487605 0.436179 0.756299 0.623093 -0.780643 0.048495 0.611552 0.447598 -0.652426 
0.536555 0.835472 -0.118718 -0.219704 0.274137 0.936258 0.814763 -0.476272 0.330646 
0.783390 -0.252762 -0.567814 -0.605755 -0.515027 -0.606472 -0.139146 0.819060 -0.556578 
0.732715 -0.569813 -0.372077 -0.678084 -0.657660 -0.328156 -0.057713 0.492745 -0.868258 
0.886045 -0.441601 0.141113 0.225681 0.144975 -0.963354 0.404960 0.885421 0.228115 
-0.944640 -0.216216 -0.246793 -0.262674 0.047616 0.963709 -0.196618 0.975184 -0.101774 
-0.334711 0.837898 -0.431156 -0.157097 -0.500760 -0.851211 -0.929134 -0.217176 0.299241 
0.085929 0.736907 -0.670511 0.680094 -0.535196 -0.501036 -0.728072 -0.412957 -0.547155 
0.388599 -0.178673 0.903918 0.919417 0.139627 -0.367663 -0.060520 0.973951 0.218534 
-0.379601 -0.887949 -0.259710 -0.624939 0.453103 -0.635727 0.682169 -0.079019 -0.726913 
-0.225482 -0.948592 0.222104 0.965341 -0.186783 0.182286 -0.131430 0.255509 0.957832 
-0.119788 -0.422109 0.898596 0.863705 0.402009 0.303978 -0.489556 0.812535 0.316422 
0.012989 0.683199 0.730117 -0.984019 0.138418 -0.112017 -0.177592 -0.716993 0.674078 
-0.923482 -0.131132 0.360535 0.206439 -0.961966 0.178896 0.323363 0.239636 0.915429 
-0.893321 -0.386021 -0.230143 0.406880 -0.912145 -0.049392 -0.190858 -0.137764 0.971902 
0.048181 -0.376105 0.925323 0.998833 0.021279 -0.043360 -0.003383 0.926333 0.376691 
-0.795249 0.605277 -0.034906 0.045079 0.001616 -0.998982 -0.604604 -0.796013 -0.028570 
-0.369643 0.292326 -0.881992 -0.521781 -0.850729 -0.063286 -0.768836 0.436814 0.466996 
0.232618 -0.815982 -0.529210 -0.110323 -0.562763 0.819223 -0.966291 -0.132182 -0.220930 
0.014250 0.822818 0.568126 0.939449 -0.205579 0.274176 0.342391 0.529819 -0.775925 
0.588501 -0.743377 -0.317895 -0.743925 -0.651861 0.147151 -0.316611 0.149891 -0.936637 
-0.175438 0.829463 -0.530296 -0.719675 0.259503 0.643992 0.671781 0.494621 0.551417 
-0.127959 -0.813492 0.567325 0.723600 0.314620 0.614343 -0.678255 0.489127 0.548384 
-0.566051 -0.457329 0.685884 0.191329 -0.882173 -0.430308 0.801860 -0.112346 0.586855 
-0.692239 0.719218 0.059425 -0.077679 0.007608 -0.996949 -0.717476 -0.694743 0.050602 
0.289441 -0.944182 -0.157302 -0.956996 -0.282090 -0.067701 0.019549 0.170133 -0.985227 
0.532056 -0.480191 0.697376 0.829536 0.130583 -0.542971 0.169665 0.867390 0.467813 
0.268371 0.959858 0.081549 0.242467 -0.149236 0.958613 0.932302 -0.237491 -0.272784 
-0.059929 0.905745 0.419564 -0.789781 -0.300072 0.534980 0.610455 -0.299303 0.733323 
-0.096450 0.947805 0.303914 0.963435 0.165586 -0.210651 -0.249980 0.272485 -0.929119 
0.274313 -0.872560 0.404218 0.359863 -0.296656 -0.884587 0.891769 0.388117 0.232625 
-0.435873 -0.276466 0.856494 0.854270 0.172428 0.490399 -0.283262 0.945429 0.161020 
-0.144154 0.981413 0.126685 0.588057 0.187925 -0.786685 -0.795870 -0.038906 -0.604216 
0.040141 0.680876 0.731297 -0.889971 -0.308363 0.335953 0.454247 -0.664319 0.593582 
0.497471 -0.321801 0.805585 -0.798865 0.192037 0.570032 -0.338139 -0.927128 -0.161543 
0.244921 -0.882820 -0.400803 0.502123 0.469133 -0.726489 0.829389 -0.023320 0.558185 
0.341492 -0.928202 -0.147730 0.527878 0.059365 0.847243 -0.777642 -0.367310 0.510250 
-0.219783 -0.411034 0.884729 0.895944 0.273773 0.349761 -0.385978 0.869540 0.308093 
-0.805551 -0.561447 -0.189380 0.417432 -0.310906 -0.853866 0.420521 -0.766886 0.484817 
-0.114696 -0.544618 0.830804 -0.935673 0.340167 0.093817 -0.333707 -0.766601 -0.548600 
0.697709 0.537478 -0.473624 -0.708674 0.614552 -0.346564 0.104797 0.577446 0.809675 
-0.048546 -0.091183 0.994650 -0.302159 -0.947824 -0.101638 0.952020 -0.305477 0.018461 
-0.620160 0.782617 -0.053960 0.584109 0.506585 0.634184 0.523658 0.361777 -0.771297 
-0.871166 0.479182 0.107030 -0.030059 -0.269630 0.962495 0.490068 0.835275 0.249296 
-0.364164 -0.687705 -0.628050 -0.814322 -0.092133 0.573054 -0.451956 0.720121 -0.526462 
-0.796315 -0.593261 -0.118001 -0.305614 0.226255 0.924883 -0.521999 0.772561 -0.361479 
0.290662 0.923514 0.250273 0.800749 -0.091604 -0.591954 -0.523752 0.372465 -0.766129 
0.235708 0.445314 0.863792 -0.646319 0.735607 -0.202866 -0.725750 -0.510468 0.461203 
-0.555484 0.831325 -0.018313 -0.831518 -0.555241 0.016897 0.003879 0.024614 0.999690 
-0.644350 -0.259259 0.719443 0.149708 0.879811 0.451131 -0.749933 0.398393 -0.528094 
0.918509 0.334199 0.211312 0.274266 -0.923457 0.268339 0.284816 -0.188516 -0.939862 
-0.880550 0.441317 -0.172835 -0.109121 0.166095 0.980054 0.461221 0.881846 -0.098097 
-0.785418 -0.601501 -0.145996 -0.181137 -0.002182 0.983455 -0.591868 0.798869 -0.107241 
-0.731540 -0.042422 0.680477 -0.524462 0.672744 -0.521877 -0.435647 -0.738658 -0.514388 
-0.294493 -0.568563 0.768122 -0.880587 0.473706 0.013026 -0.371270 -0.672562 -0.640172 
0.108032 0.702686 -0.703250 -0.649089 -0.485946 -0.585269 -0.753002 0.519700 0.403609 
0.349584 -0.820856 0.451648 -0.732835 0.060777 0.677687 -0.583733 -0.567892 -0.580305 
0.347222 -0.045352 0.936686 -0.914926 0.202798 0.348975 -0.205784 -0.978170 0.028922 
-0.220162 -0.924647 0.310735 0.497585 -0.380445 -0.779532 0.839010 -0.017006 0.543850 
0.224601 -0.133412 0.965275 -0.801051 -0.589326 0.104937 0.554862 -0.796804 -0.239233 
0.301373 0.777092 0.552541 0.118146 -0.605451 0.787065 0.946158 -0.171920 -0.274277 
0.172664 0.091572 0.980715 -0.978236 -0.100382 0.181600 0.115075 -0.990726 0.072246 
0.582385 -0.805969 -0.106028 0.207725 0.273645 -0.939132 0.785925 0.524912 0.326787 
0.664188 0.211020 -0.717165 -0.226885 0.970984 0.075580 0.712305 0.112515 0.692793 
0.043323 -0.424201 0.904531 0.450519 0.816396 0.361290 -0.891715 0.391856 0.226480 
0.832611 -0.339934 0.437268 -0.549827 -0.412234 0.726466 -0.066694 -0.845286 -0.530136 
0.290954 0.947741 -0.130895 0.160469 -0.183217 -0.969887 -0.943184 0.261188 -0.205391 
-0.341980 0.633786 0.693805 -0.424297 0.554632 -0.715790 -0.838464 -0.539165 0.079240 
0.288777 -0.327721 0.899559 0.416846 -0.802816 -0.426292 0.861886 0.498081 -0.095226 
-0.566740 -0.646025 0.511330 0.710542 -0.069086 0.700255 -0.417057 0.760183 0.498182 
0.647719 -0.742983 0.168632 0.757040 0.602732 -0.252200 0.085741 0.291016 0.952869 
-0.665915 0.595952 0.448774 0.384808 0.789739 -0.477739 -0.639124 -0.145442 -0.755226 
0.504067 -0.310358 0.805974 0.271213 -0.829115 -0.488889 0.819976 0.465023 -0.333757 
-0.921769 -0.181295 -0.342745 0.148772 0.650934 -0.744413 0.358063 -0.737168 -0.573040 
0.927201 0.338875 0.159567 -0.161426 0.745937 -0.646158 -0.337994 0.573360 0.746337 
0.408436 -0.856036 0.316831 -0.844255 -0.222329 0.487650 -0.347006 -0.466660 -0.813520 
-0.688254 0.639585 0.342400 0.718547 0.666029 0.200236 -0.099980 0.383844 -0.917969 
-0.927566 0.369813 0.053479 0.227192 0.444543 0.866467 0.296657 0.815855 -0.496362 
-0.230169 -0.701678 -0.674292 -0.902132 -0.105992 0.418238 -0.364938 0.704566 -0.608610 
0.861309 -0.111462 -0.495705 -0.506808 -0.119441 -0.853744 0.035953 0.986565 -0.159365 
0.790386 0.572102 0.219065 -0.085660 -0.250869 0.964224 0.606591 -0.780874 -0.149277 
0.385635 0.910208 0.151016 -0.244138 0.258507 -0.934650 -0.889765 0.323566 0.321906 
0.841799 -0.523537 -0.131470 -0.372661 -0.387460 -0.843207 0.390511 0.758804 -0.521265 
-0.265953 -0.532432 0.803608 -0.830112 -0.297320 -0.471714 0.490084 -0.792538 -0.362906 
-0.511978 -0.788813 -0.340077 -0.688809 0.140452 0.711207 -0.513244 0.598371 -0.615250 
-0.530864 0.821628 -0.207630 -0.729800 -0.567770 -0.380828 -0.430785 -0.050640 0.901033 
-0.873243 -0.469023 0.132151 0.134816 -0.493157 -0.859431 0.468264 -0.732676 0.493877 
0.734992 -0.669897 0.105002 -0.234545 -0.396460 -0.887586 0.636220 0.627740 -0.448516 
-0.327541 0.589756 -0.738177 0.685602 -0.389230 -0.615183 -0.650128 -0.707593 -0.276849 
-0.808004 -0.588854 -0.019506 -0.146635 0.233052 -0.961345 0.570638 -0.773911 -0.274653 
-0.607299 -0.720637 0.334470 0.189087 0.277793 0.941848 -0.771644 0.635227 -0.032440 
-0.868282 -0.379488 -0.319490 0.458279 -0.860183 -0.223751 -0.189909 -0.340695 0.920794 
-0.333170 0.938309 0.092599 0.420664 0.235820 -0.876031 -0.843824 -0.252915 -0.473281 
-0.379739 -0.736418 0.559899 0.304594 -0.671019 -0.675986 0.873510 -0.086157 0.479121 
0.978143 -0.169346 -0.120654 -0.192650 -0.956424 -0.219404 -0.078241 0.237853 -0.968145 
0.913623 0.364006 0.181086 0.395318 -0.691339 -0.604793 -0.094957 0.624139 -0.775522 
0.505893 -0.850801 -0.142161 -0.725893 -0.330866 -0.602998 0.465995 0.408246 -0.784974 
-0.298346 0.954445 0.005051 -0.802999 -0.248138 -0.541867 -0.515928 -0.165720 0.840449 
0.673449 -0.737692 -0.047717 -0.709604 -0.627017 -0.321423 0.207192 0.250322 -0.945733 
0.381483 -0.570561 0.727277 -0.848878 0.095190 0.519946 -0.365891 -0.815720 -0.448023 
0.493625 0.704666 0.509686 -0.585870 -0.163681 0.793704 0.642722 -0.690402 0.332046 
0.329987 0.433459 0.838583 -0.166187 0.901144 -0.400401 -0.929242 -0.007234 0.369401 
0.714957 -0.319414 0.621941 0.405640 -0.535025 -0.741083 0.569466 0.782127 -0.252953 
-0.294910 0.700357 0.650022 -0.066930 -0.693747 0.717102 0.953178 0.167974 0.251468 
-0.561653 -0.819156 -0.116315 0.826286 -0.562548 -0.028133 -0.042388 -0.111910 0.992814 
-0.671351 -0.565511 -0.479046 0.730895 -0.612276 -0.301513 -0.122800 -0.552554 0.824381 
-0.530684 0.841887 -0.097987 -0.834586 -0.539209 -0.112785 -0.147788 0.021925 0.988776 
0.546388 -0.744582 0.383481 -0.764920 -0.257152 0.590568 -0.341113 -0.616012 -0.710050 
-0.133148 0.273484 -0.952616 0.990511 0.003699 -0.137383 -0.034049 -0.961869 -0.271381 
-0.156340 0.414423 -0.896555 0.482997 -0.759704 -0.435389 -0.861552 -0.501102 -0.081393 
0.344413 0.744945 -0.571346 -0.646680 -0.252929 -0.719605 -0.680577 0.617319 0.394629 
0.602891 0.730854 -0.319960 0.669858 -0.681545 -0.294596 -0.433374 -0.036718 -0.900466 
-0.722157 0.134421 0.678542 -0.472743 0.620200 -0.625993 -0.504978 -0.772841 -0.384335 
-0.259333 0.172930 -0.950180 -0.963606 0.019759 0.266594 0.064876 0.984736 0.161512 
-0.488893 0.569518 -0.660782 -0.307833 -0.821381 -0.480179 -0.816224 -0.031346 0.576884 
0.259267 -0.964305 0.053814 0.596358 0.116013 -0.794291 0.759696 0.238025 0.605150 
0.236386 0.893594 -0.381590 -0.222298 -0.332568 -0.916505 -0.945889 0.301476 0.120029 
0.866314 0.051158 -0.496874 -0.373510 0.726818 -0.576391 0.331649 0.684923 0.648760 
-0.699977 0.144826 -0.699327 0.001517 0.979522 0.201333 0.714164 0.139867 -0.685862 
-0.377016 0.880104 0.288575 0.294832 0.409398 -0.863404 -0.878028 -0.240436 -0.413832 
-0.287763 -0.464233 -0.837664 0.317445 0.778977 -0.540761 0.903560 -0.421523 -0.076792 
0.263773 0.862932 -0.431013 0.480356 0.269975 0.834489 0.836470 -0.427155 -0.343302 
-0.581550 -0.646166 0.494236 -0.244647 0.718325 0.651273 -0.775853 0.257834 -0.575825 
0.042590 -0.817650 0.574138 -0.994841 0.018253 0.099793 -0.092076 -0.575426 -0.812654 
0.614587 -0.612513 -0.497103 0.635734 0.757667 -0.147590 0.467039 -0.225318 0.855047 
0.902782 0.395071 0.170012 0.239515 -0.133479 -0.961673 -0.357236 0.908902 -0.215128 
0.600254 0.636747 0.483991 0.319675 -0.745698 0.584588 0.733146 -0.196182 -0.651161 
0.059824 -0.418474 -0.906256 -0.930290 0.305791 -0.202613 0.361913 0.855203 -0.371009 
-0.095252 0.754924 -0.648858 -0.599159 0.477049 0.642987 0.794944 0.450015 0.406880 
-0.387332 -0.225174 0.894020 -0.627906 0.774474 -0.076975 -0.675062 -0.591175 -0.441366 
0.271745 0.847012 -0.456864 -0.801399 -0.063677 -0.594731 -0.532836 0.527746 0.661491 
0.635671 -0.200138 -0.745565 0.611265 -0.459354 0.644475 -0.471463 -0.865412 -0.169661 
0.644510 -0.763965 0.031058 0.491980 0.383273 -0.781702 0.585289 0.519094 0.622878 
0.570094 -0.695732 -0.436977 0.033452 0.551090 -0.833775 0.820898 0.460713 0.337447 
0.747587 -0.649301 -0.139721 0.411094 0.617605 -0.670497 0.521647 0.443817 0.728637 
-0.525196 0.483255 -0.700453 -0.204737 0.727179 0.655205 0.825985 0.487520 -0.282971 
-0.862919 -0.140125 0.485527 -0.481830 -0.061517 -0.874102 0.152352 -0.988221 -0.014432 
-0.602707 0.408945 0.685207 -0.079678 -0.885246 0.458247 0.793974 0.221593 0.566128 
0.530860 0.379349 -0.757814 -0.580989 -0.488090 -0.651322 -0.616960 0.786042 -0.038709 
-0.657511 -0.052494 0.751614 0.224954 0.938392 0.262329 -0.719079 0.341563 -0.605194 
-0.604542 0.443402 0.661758 0.667431 -0.171518 0.724649 0.434815 0.879759 -0.192251 
-0.450246 0.111870 0.885869 0.608870 -0.687218 0.396244 0.653113 0.717786 0.241303 
0.967160 -0.206568 -0.148094 0.059827 -0.381268 0.922527 -0.247028 -0.901091 -0.356388 
0.665842 0.536593 -0.518385 -0.061926 0.732149 0.678324 0.743519 -0.419555 0.520724 
-0.777656 0.395607 0.488616 -0.454993 0.182195 -0.871657 -0.433857 -0.900167 0.038314 
-0.661938 -0.721566 -0.202930 -0.014039 -0.258750 0.965842 -0.749427 0.642177 0.161146 
0.699430 0.474289 -0.534648 0.411208 -0.878904 -0.241735 -0.584556 -0.050774 -0.809763 
0.019573 -0.678841 0.734024 0.434152 0.667106 0.605378 -0.900627 0.306829 0.307777 
-0.172635 -0.871705 -0.458615 0.884466 0.067725 -0.461664 0.433494 -0.485329 0.759301 
0.873096 0.252264 -0.417212 -0.486294 0.389235 -0.782313 -0.034956 0.885922 0.462514 
-0.402164 0.455072 -0.794464 -0.179066 0.811877 0.555690 0.897886 0.365740 -0.245020 
-0.013363 0.730241 0.683059 0.849982 -0.351496 0.392404 0.526642 0.585832 -0.615995 
-0.241134 0.893973 0.377712 -0.831841 0.010085 -0.554923 -0.499896 -0.448007 0.741211 
0.978745 0.179505 0.099174 0.011594 -0.531246 0.847139 0.204751 -0.827983 -0.522035 
0.963237 0.231420 0.136452 0.092446 -0.762416 0.640449 0.252246 -0.604290 -0.755781 
0.457058 0.507049 0.730752 0.526343 0.508097 -0.681763 -0.716981 0.696231 -0.034652 
0.320646 0.223344 -0.920491 -0.917389 0.315114 -0.243107 0.235763 0.922399 0.305933 
0.156200 0.722024 -0.674005 -0.468305 -0.546671 -0.694148 -0.869651 0.424065 0.252738 
-0.318844 0.946574 0.048328 -0.215375 -0.122013 0.968879 0.923012 0.298513 0.242772 
-0.463024 -0.225275 -0.857240 -0.570577 0.815872 0.093784 0.678270 0.532546 -0.506305 
-0.463525 -0.838646 -0.286038 -0.447847 -0.056811 0.892304 -0.764577 0.541706 -0.349252 
0.031564 -0.227068 0.973367 0.835595 0.540360 0.098959 -0.548439 0.810217 0.206793 
-0.925926 -0.266038 0.268116 0.223250 0.187103 0.956636 -0.304666 0.945630 -0.113851 
-0.431712 0.586091 0.685655 -0.799110 -0.601091 0.010660 0.418389 -0.543312 0.727849 
0.524453 -0.688365 -0.501101 0.477524 0.725061 -0.496243 0.704925 0.020968 0.708972 
0.726280 -0.070875 -0.683735 -0.536265 0.563855 -0.628082 0.430043 0.822827 0.371509 
0.138233 0.667246 -0.731897 0.533259 0.572584 0.622722 0.834582 -0.476372 -0.276665 
0.472165 -0.318158 -0.822092 0.394223 -0.757927 0.519746 -0.788447 -0.569493 -0.232441 
-0.699419 0.164403 -0.695546 -0.514171 0.560217 0.649450 0.496428 0.811867 -0.307295 
0.567967 0.222264 0.792472 0.599870 0.547461 -0.583475 -0.563533 0.806775 0.177610 
0.607568 -0.500573 -0.616675 -0.673182 -0.736585 -0.065333 -0.421530 0.454829 -0.784502 
0.337510 -0.658035 0.673110 -0.254359 -0.752222 -0.607835 0.906305 0.033939 -0.421259 
0.350057 0.213567 -0.912057 -0.936472 0.102547 -0.335416 0.021895 0.971531 0.235897 
-0.879223 0.461462 -0.118408 -0.455796 -0.742461 0.490920 0.138627 0.485598 0.863121 
-0.306333 -0.864904 0.397619 0.684135 -0.490473 -0.539811 0.661906 0.106663 0.741959 
0.327083 -0.923338 0.201157 0.507993 -0.007696 -0.861327 0.796844 0.383912 0.466532 
0.597626 0.433448 -0.674512 -0.620604 0.782722 -0.046879 0.507636 0.446621 0.736774 
0.181201 0.189375 -0.965041 -0.979716 0.120151 -0.160378 0.085579 0.974526 0.207305 
0.710563 -0.564648 0.419848 0.323263 -0.268023 -0.907560 0.624981 0.780600 -0.007917 
-0.084871 0.083305 -0.992903 -0.770553 0.626280 0.118410 0.631699 0.775135 0.011038 
-0.137506 -0.710771 -0.689853 0.402369 -0.676497 0.616807 -0.905092 -0.192761 0.379014 
0.222931 0.951166 0.213508 0.944709 -0.156769 -0.288007 -0.240471 0.265908 -0.933524 
-0.162172 -0.837171 -0.522346 -0.981366 0.192118 -0.003227 0.103054 0.512090 -0.852727 
0.558667 -0.452530 -0.695060 0.455438 -0.532999 0.713084 -0.693158 -0.714933 -0.091670 
-0.944923 0.199304 0.259613 0.181494 -0.340999 0.922377 0.272362 0.918693 0.286045 
-0.220766 -0.931097 0.290379 0.961625 -0.158065 0.224258 -0.162907 0.328745 0.930262 
-0.426857 0.888075 0.170636 0.782893 0.268460 0.561256 0.452628 0.373166 -0.809861 
0.065182 -0.846456 -0.528454 0.463365 -0.443348 0.767291 -0.883767 -0.294881 0.363320 
0.767457 -0.319764 0.555663 0.371246 0.928287 0.021447 -0.522672 0.189828 0.831131 
0.832951 -0.550064 0.060186 0.544995 0.796683 -0.261297 0.095781 0.250449 0.963380 
0.799926 0.540733 -0.260242 -0.369513 0.785533 0.496385 0.472840 -0.300908 0.828176 
-0.039262 0.999021 -0.020361 -0.698627 -0.012876 0.715371 0.714408 0.042311 0.698448 
0.976617 0.207168 0.057454 -0.211285 0.875512 0.434555 0.039725 -0.436533 0.898811 
-0.292445 0.818141 0.495098 0.317982 -0.405075 0.857206 0.901867 0.408117 -0.141692 
-0.297434 -0.937897 0.178559 0.463518 -0.305357 -0.831810 0.834676 -0.164643 0.525555 
-0.680724 -0.696340 0.227433 -0.523053 0.244668 -0.816427 0.512865 -0.674721 -0.530773 
0.759400 -0.485366 0.433280 -0.252415 0.394004 0.883769 -0.599666 -0.780500 0.176693 
0.261805 0.703299 0.660931 0.890482 -0.440095 0.115573 0.372155 0.558290 -0.741494 
0.381519 -0.720365 0.579239 -0.923924 -0.316457 0.214989 0.028434 -0.617195 -0.786296 
0.930092 -0.352554 -0.103120 -0.229509 -0.776950 0.586237 -0.286799 -0.521588 -0.803550 
-0.334555 -0.484468 0.808309 -0.733211 0.672654 0.099690 -0.592009 -0.559309 -0.580257 
0.595143 0.803619 -0.001205 0.645483 -0.477137 0.596399 0.478702 -0.355721 -0.802687 
-0.744600 0.559340 0.364294 -0.657375 -0.519713 -0.545671 -0.115887 -0.645784 0.754674 
-0.267662 0.642932 -0.717632 -0.366421 0.620923 0.692957 0.891119 0.448434 0.069386 
0.311806 -0.444491 0.839765 -0.780435 0.384300 0.493188 -0.541939 -0.809161 -0.227070 
-0.042742 -0.441230 0.896375 0.706034 -0.648135 -0.285371 0.706887 0.620674 0.339226 
-0.824212 -0.566052 -0.016107 -0.534886 0.768862 0.350356 -0.185936 0.297383 -0.936478 
-0.297239 -0.629472 -0.717923 0.665044 -0.676009 0.317377 -0.685102 -0.383114 0.619563 
-0.220963 0.433706 -0.873541 -0.953815 -0.282989 0.100766 -0.203500 0.855462 0.476206 
0.424641 -0.721725 -0.546619 -0.441683 0.361893 -0.820945 0.790314 0.590039 -0.165099 
-0.672126 0.736687 0.074424 -0.668742 -0.560823 -0.488121 -0.317853 -0.377850 0.869597 
0.438505 -0.893647 0.095438 0.497602 0.152985 -0.853808 0.748402 0.421890 0.511765 
0.264975 0.197809 -0.943748 -0.747413 0.660511 -0.071408 0.609230 0.724291 0.322864 
0.462191 0.108310 -0.880141 0.544592 0.748634 0.378110 0.699857 -0.654076 0.287027 
0.371350 0.204399 -0.905715 0.517057 0.764694 0.384571 0.771201 -0.611117 0.178283 
0.723572 0.615038 -0.313325 0.325565 0.096171 0.940616 0.608647 -0.782611 -0.130648 
-0.037042 -0.196547 -0.979794 0.701399 -0.703495 0.114605 -0.711806 -0.682981 0.163917 
0.993083 -0.037641 -0.111221 -0.075039 0.525101 -0.847725 0.090311 0.850207 0.518644 
-0.652452 0.757404 -0.025420 0.215716 0.217771 0.951863 0.726480 0.615561 -0.305469 
0.463490 0.595375 0.656281 -0.059301 0.759820 -0.647424 -0.884116 0.261156 0.387475 
-0.394324 -0.759843 0.516862 -0.680404 0.619454 0.391570 -0.617704 -0.197270 -0.761266 
-0.422126 0.670840 -0.609741 0.359795 -0.493383 -0.791910 -0.832080 -0.553667 -0.033095 
0.652761 -0.277562 -0.704885 -0.113933 0.883911 -0.453565 0.748947 0.376379 0.545359 
-0.749430 0.606903 -0.264620 0.623309 0.781506 0.027101 0.223250 -0.144630 -0.963972 
0.121288 0.226530 -0.966423 -0.230556 -0.940555 -0.249402 -0.965470 0.253064 -0.061850 
0.709333 -0.630141 0.315863 -0.660760 -0.750479 -0.013325 0.245445 -0.199258 -0.948711 
0.451014 -0.891730 -0.037478 0.814298 0.393934 0.426302 -0.365383 -0.222787 0.903804 
-0.004231 -0.580068 0.814557 0.502521 -0.705475 -0.499778 0.864555 0.407217 0.294481 
0.951838 0.282846 -0.118334 0.191377 -0.246554 0.950045 0.239540 -0.926935 -0.288810 
0.025745 -0.958771 0.283012 0.471860 0.261238 0.842083 -0.881298 0.111863 0.459131 
-0.380835 -0.818874 0.429430 0.616784 0.121026 0.777772 -0.688870 0.561069 0.458977 
-0.554156 0.824561 0.114063 0.084093 0.191781 -0.977829 -0.828154 -0.532277 -0.175616 
-0.063133 0.279786 0.957984 -0.467036 -0.856588 0.219394 0.881982 -0.433562 0.184749 
0.706452 0.430080 -0.562100 -0.141231 -0.692560 -0.707400 -0.693527 0.579130 -0.428520 
