-1.9620 -1.4481 -1.1816 
-0.0683 1.5689 -0.8454 
0.3568 -1.2371 -2.6204 
-1.4025 -2.6772 0.2480 
-0.1181 3.0969 0.2030 
-0.4662 2.2930 1.1837 
0.4373 1.1912 2.2302 
-0.9974 -1.8777 1.7059 
0.4691 -0.7046 -1.7558 
0.1528 0.2586 -0.1111 
-0.3475 1.0395 1.1621 
0.0123 -0.6170 0.8285 
-1.5294 0.4608 0.4385 
-1.3074 2.0069 0.3820 
-0.0618 -0.7319 -0.6046 
0.0455 1.7331 1.6943 
0.5818 0.0688 -0.4597 
-0.8763 -1.9513 0.2286 
0.6040 -0.3929 0.5277 
1.8631 -0.4125 0.2306 
0.6536 0.1760 1.5490 
-0.4971 -1.3032 -0.2105 
-1.8519 -1.1449 0.7675 
0.9170 0.6390 1.5702 
-0.1186 -0.2944 0.8178 
-2.0829 0.2271 0.1727 
0.0496 -0.8459 -2.8060 
0.2429 1.4697 2.6060 
0.2326 -0.4929 -2.5558 
1.4637 0.4962 -0.1673 
-2.0623 -1.8733 0.9111 
2.2532 -1.7684 -0.0537 
-1.5743 -0.7215 0.0632 
1.5261 -0.5293 1.6668 
1.2817 -0.3923 1.6592 
-0.2505 -1.5615 1.8254 
1.8126 -0.3513 -1.3492 
-0.2022 -2.0196 -0.2001 
0.2499 -1.6721 -0.5347 
0.3867 1.4324 -1.5458 
2.7119 0.3530 0.7048 
1.3920 2.0927 1.7697 
-0.1350 0.9632 0.3666 
-0.4739 -0.7888 -1.4633 
1.9880 -0.2927 -1.9394 
0.9573 -2.5522 -1.0303 
-0.7634 -0.8893 1.8039 
0.2369 -1.7552 0.9986 
-1.9292 -1.3368 0.0551 
-0.1526 1.4276 2.0385 
-0.6365 1.8456 0.8589 
-2.0168 0.3611 -0.2544 
0.7672 -2.5487 -0.6480 
0.6938 2.2095 -1.1606 
-2.2271 -0.8786 0.2032 
2.6152 -0.8312 -0.0591 
2.8968 0.2943 -0.6240 
-0.1760 0.1875 2.4620 
-0.2206 -1.9105 0.0364 
1.0466 1.4651 -0.5070 
1.7396 1.3189 0.7397 
0.7033 -0.0938 -0.9850 
1.3536 0.6498 -2.0845 
-2.4624 0.1886 1.8628 
0.2180 -0.2351 -0.2005 
1.5764 -0.0400 -0.5328 
1.2644 0.4733 2.4555 
-1.0433 1.4500 0.2100 
1.0145 -1.7550 0.0714 
0.6981 -0.3010 2.9170 
0.2445 0.8160 -0.0798 
1.7195 0.7694 -0.7960 
-0.8574 -0.1602 0.4185 
-1.4865 1.7741 -1.4137 
-2.5590 -1.2029 0.2639 
-0.2275 2.3949 1.5651 
-2.5790 1.3680 0.8367 
1.0829 -0.2353 1.2844 
-1.6607 -2.0803 -0.5830 
-0.9262 1.6820 -0.1791 
-0.3330 -0.3611 0.6684 
0.9845 -1.5950 -0.5282 
-0.4124 2.8248 -0.8816 
0.6302 -2.3186 -1.0061 
-2.1946 -1.5872 0.1519 
0.0003 -0.7549 2.1085 
0.6486 0.9018 -0.0845 
1.8883 -1.9352 -0.2601 
-0.0142 0.1317 1.0632 
-1.8556 0.3599 0.6293 
0.5341 -0.0049 -2.4911 
-0.1782 -1.3557 -1.6475 
1.2107 0.9099 -0.7790 
-0.2037 -2.3089 0.0936 
-0.8445 -2.0232 -1.7657 
-0.6367 -0.9683 -1.3204 
0.6642 2.2812 -1.4802 
-0.4017 -1.2459 2.6444 
2.2382 2.0976 -0.3884 
0.4994 -0.9904 -1.7114 
-0.2081 0.7395 0.6523 
-0.8264 2.6263 -1.0738 
1.0036 -1.7154 -0.6696 
-0.7702 -0.6740 0.9476 
2.0405 0.4059 -0.8613 
0.7717 0.4604 -0.4887 
-1.5760 2.4603 0.4712 
-0.6813 0.8002 0.8076 
0.6894 0.3781 -0.7136 
0.1876 -1.5748 -2.6611 
0.5512 0.0460 2.1618 
-0.7448 -1.0089 -0.1690 
-0.9196 1.1783 2.1905 
1.5802 -1.0956 1.7166 
0.1363 1.8889 -2.2652 
2.6726 -0.6732 -0.3614 
-1.3089 -0.4217 0.3719 
-1.4675 -1.6237 -1.6619 
-1.0903 -0.4869 1.9572 
-0.2340 2.2338 0.4750 
1.8902 0.8936 0.6587 
0.5137 -0.8155 0.2049 
-0.1053 0.0409 0.3818 
0.3895 -0.7009 1.5959 
-0.5985 0.1976 2.2285 
1.0216 -1.5547 -0.8286 
-1.2222 0.7014 -0.0482 
2.1293 1.5293 1.1357 
-1.9208 -0.8840 1.3797 
1.3182 0.1939 -1.8650 
-0.5554 -2.5219 -1.1457 
0.4540 1.0263 -1.4102 
0.4345 0.9870 -0.2386 
1.7795 1.9302 -1.0935 
0.2148 2.9315 -0.8567 
0.8315 2.2750 0.4718 
0.7401 2.0709 0.0147 
0.2214 -1.5192 -2.1266 
-2.2323 -0.1252 0.0629 
-2.6718 0.5071 0.8859 
-0.1504 0.3999 -1.2241 
-0.6517 1.9237 -0.5273 
0.9963 -1.9505 0.3853 
-0.6507 -1.1164 -1.9168 
-1.8112 0.8745 1.5595 
-1.2658 -2.8131 0.5762 
-1.8062 -0.0269 2.4138 
-0.8271 0.1217 1.9192 
-0.1880 -1.8290 1.5313 
-1.0723 0.3824 2.0349 
1.6190 1.0973 0.1136 
2.1781 -1.1231 -1.1673 
0.9198 -0.8278 0.1136 
-2.8171 0.7944 0.6190 
-0.2834 -2.8745 -0.9841 
0.9248 2.8719 0.5881 
1.1190 0.7491 -2.7269 
-1.3077 0.7644 0.4046 
-1.5547 -2.1434 1.6691 
0.0003 0.5482 -2.1550 
-1.2364 2.6094 0.4215 
-0.7007 -0.3271 -0.9927 
-0.1178 0.0981 2.3108 
-0.8462 1.5071 1.5444 
0.4619 -1.9669 -0.2879 
0.6370 -1.8908 1.0087 
-1.7771 0.4542 1.3715 
-0.1579 1.9330 -1.1643 
0.7880 -1.4106 -1.0951 
0.2942 0.8371 -0.2870 
0.6633 2.5787 -0.3478 
-0.2083 1.1150 0.3781 
1.5108 1.2707 2.3554 
0.9620 0.2101 -1.3131 
0.0883 -2.4665 0.6919 
0.0060 -0.0030 1.2402 
0.9168 0.7460 -0.6162 
0.8517 -2.0400 -0.9686 
-0.4591 -1.0896 1.9493 
0.3442 1.4472 -1.0257 
0.9289 0.4926 -0.4972 
-2.2548 1.3289 -0.4877 
0.0288 -0.5342 -2.8040 
-1.2316 -2.0967 -1.5449 
2.1713 -0.6564 1.8979 
-0.5093 2.0007 -0.7810 
1.7973 2.4519 -0.5660 
-1.0268 0.1244 0.3168 
-1.0535 0.6631 1.0173 
-1.7177 0.7027 0.2805 
1.6784 -0.3679 -0.0948 
1.9967 -1.7088 -1.5462 
-0.4785 1.9891 1.8025 
0.2846 -2.3862 -1.6965 
-0.4589 0.3520 -0.5680 
0.3597 1.9003 0.3753 
0.3842 0.8421 2.4635 
-2.9665 -0.8740 -0.5392 
-1.3585 0.6022 1.6566 
1.1257 1.7359 1.2811 
0.0256 -1.1709 1.1257 
-1.2577 1.1836 -0.0637 
-1.5880 0.7314 -2.5056 
-0.7994 1.6994 -0.6771 
-2.6593 -1.1183 0.7733 
-0.6309 1.5696 1.9607 
1.2719 2.7775 -0.1620 
-1.0655 1.1129 2.5836 
-1.2022 -0.4330 0.0632 
0.3558 -0.9471 0.4150 
2.2717 -0.1391 1.7020 
-2.7394 -1.0017 -1.0185 
-0.2063 0.3077 -0.8523 
0.0195 -0.4517 -1.3346 
2.0577 2.2216 -0.6148 
-2.8995 -0.6143 -0.2317 
-0.3571 1.6678 -1.3409 
1.0932 -1.0003 -2.5704 
-1.0440 0.8896 1.8918 
1.5697 1.3055 0.6019 
-0.1102 -1.3675 -0.9338 
0.6444 1.3882 2.3679 
1.5787 1.2249 0.4568 
-0.3089 0.3634 1.1855 
2.6260 1.5004 0.7054 
0.0796 -0.3959 2.1281 
-1.4688 2.3514 0.0787 
1.2930 -2.7455 0.3370 
1.5057 -0.2749 0.1544 
-0.1776 -0.0579 -0.8431 
-0.8045 -1.5134 -0.7009 
1.5893 1.0614 -0.8599 
-0.7669 -0.3641 -1.1568 
1.9548 -0.7834 0.1465 
-1.1541 -2.1436 1.3861 
0.2682 -1.1336 -0.4562 
-0.6391 -0.9862 2.8447 
-0.4274 -0.5968 -1.4277 
-0.6538 1.0532 -0.2937 
0.1255 0.3641 -2.4792 
1.1195 1.7172 -0.5544 
-0.5254 1.3626 0.0942 
-1.2299 -1.2554 -1.2659 
0.3545 -1.7611 1.3536 
-0.7002 -1.8461 1.8880 
1.6214 1.0857 0.0219 
-2.6092 0.5641 1.3890 
0.1601 -2.1300 -1.0989 
2.3270 -0.2234 0.1757 
-0.4033 -1.8157 -1.5957 
2.1590 1.1711 0.3964 
-2.2433 0.3930 -0.6839 
-0.4876 1.3435 -2.1753 
-0.9679 -1.7598 0.9427 
0.4044 -2.3583 -1.1324 
2.5464 -0.3215 0.2270 
-1.4406 -1.9252 -0.7187 
0.5059 -0.7710 -2.3282 
-0.7020 -0.5219 -1.0870 
2.1649 -1.1678 0.0873 
-1.8384 -2.0001 -0.3856 
0.4877 2.1614 -0.7033 
0.7609 0.2603 0.2012 
2.4317 0.6393 -1.1539 
-0.8798 0.6660 1.3747 
-1.0061 1.6027 -0.2458 
1.0678 -0.3522 -2.9135 
-1.2883 -2.1178 -0.5544 
-0.7086 2.2950 0.3503 
-1.4096 -0.6317 -0.0082 
1.3425 -1.5633 0.2496 
0.3448 0.9808 -1.3865 
2.2995 -0.9701 0.5857 
0.6639 -1.2147 -1.5718 
0.6425 -0.1317 -1.3142 
-0.7991 -1.4935 -0.8434 
2.8962 -0.7631 0.6310 
-1.6727 0.9448 -1.9015 
0.6433 0.9080 1.5384 
-0.5327 0.5884 -0.7868 
1.0332 -0.6977 2.3889 
0.5510 -0.0515 1.5665 
1.1839 -0.0688 0.2455 
-1.6035 -1.5391 -1.9061 
-0.9191 1.2519 1.1516 
2.7720 0.9835 0.7429 
0.6607 1.9253 0.6874 
1.8514 -0.9244 -1.3371 
-2.1539 -1.4510 0.2008 
-0.6755 -1.1074 -0.0830 
0.5714 0.0338 1.7291 
-0.8391 -0.1083 -1.4565 
1.0131 0.4834 2.6525 
0.2352 -1.3642 -0.1644 
1.4698 -1.6299 0.3655 
0.7544 1.6429 2.5475 
-1.5917 -2.6847 -0.1969 
1.5047 1.1615 1.4107 
1.0946 -0.5012 -0.1781 
-2.1359 -0.0484 -0.3659 
-0.3996 -1.6763 -2.4922 
-1.9004 -0.3156 -1.2485 
-0.7350 0.9209 -0.8651 
0.4143 0.3400 0.0312 
-0.2300 -0.2097 -2.3050 
-0.8788 -1.6545 -1.6253 
-1.3300 0.3665 -1.9801 
-0.8044 0.6201 -0.3296 
-1.3352 -1.1018 -1.3468 
-1.5137 -1.0233 -2.1645 
0.3111 -0.5874 1.7577 
-0.3402 1.5220 -1.5193 
1.1818 -1.4656 -1.1188 
-1.9302 0.7965 1.1573 
1.7939 1.5139 -0.1902 
1.4387 -1.4150 0.5340 
1.6507 -0.0468 0.9599 
-1.1248 -0.4845 -1.5803 
0.2167 -0.9766 0.5484 
-1.2450 1.4451 2.0047 
-0.8337 1.9977 -1.4615 
1.2042 -0.4815 0.9304 
1.1513 0.9899 -0.5648 
2.6784 -0.3977 0.2582 
1.9643 0.7250 -0.9336 
-0.5915 -0.2517 -0.8089 
1.4780 2.5086 0.1298 
-0.8721 0.9606 0.1606 
-0.7320 2.4523 -0.3462 
-2.0786 -0.1202 -1.5069 
1.3069 -1.0901 -1.3953 
1.4086 -0.4374 -0.5127 
1.2421 -0.5243 1.2375 
1.0457 -1.9022 1.0647 
-0.6439 -1.4686 2.6574 
-0.6073 1.5066 -2.5490 
-0.4415 -1.2158 1.4288 
-1.7468 -1.1232 -0.5991 
-1.0904 -0.9802 -0.0960 
-0.2830 2.0234 1.1248 
2.4320 0.5732 0.7832 
0.3752 1.7649 0.4273 
1.0986 1.1735 -1.0509 
-2.5106 -0.0714 -0.8123 
-2.1191 -0.6814 1.8590 
-0.2583 -2.1338 1.4100 
-0.5246 0.7322 -0.9389 
2.6826 1.1036 0.4016 
0.4372 -1.4116 -1.7300 
1.4495 -0.0165 2.5268 
-0.6084 -0.8775 1.9203 
-0.2267 0.8390 0.8894 
-2.4982 1.5734 0.1789 
-0.9026 -1.2665 0.7466 
-1.0475 2.2968 0.5685 
-1.5870 1.1394 1.2612 
0.5730 -0.5954 -0.6117 
-0.8628 0.8225 -0.6984 
-1.5345 -1.2983 -0.9218 
0.3221 -1.5935 1.1966 
-0.6333 -0.1403 -1.7885 
0.9216 1.1194 0.8712 
-1.0967 1.9267 -0.1200 
-0.8297 -1.9984 0.0373 
-0.2910 0.8608 0.1642 
2.0609 -0.3601 0.1467 
-0.5146 -1.2716 -1.1793 
-1.8646 -0.9061 -0.6039 
-2.5983 -1.0524 1.4151 
-0.1764 0.1380 -0.8069 
-1.6689 -1.8869 -0.5653 
0.3043 0.4349 -1.7858 
0.4745 0.8295 0.9570 
-0.7510 1.9155 2.1344 
-0.9679 0.8828 2.2136 
-0.2366 2.7206 0.7260 
2.2139 1.0862 0.8344 
-2.7353 0.1201 1.3462 
-1.2038 2.1642 -1.1972 
0.3796 -2.0025 1.7719 
-0.0028 -0.0366 -0.0560 
-1.0350 0.7933 -2.5059 
-1.8152 0.2458 -2.0223 
0.5421 -0.9236 -0.3207 
-0.0306 -1.1174 -1.6357 
0.4134 -1.7113 -1.4159 
0.4463 1.6637 -1.4493 
-2.0481 -1.7106 -1.2109 
-0.5021 -1.9625 1.9632 
-1.7516 -1.8738 -0.0393 
-1.8770 -0.4282 -0.7490 
0.4007 -1.4693 0.1842 
-0.9980 -1.4713 0.0916 
-0.8955 -0.8679 1.7551 
-0.8532 0.0382 0.6617 
-1.9068 0.0165 -1.5831 
-2.2890 -0.5981 -1.8725 
-0.5603 -0.2059 -2.3664 
0.9009 -1.4667 2.3233 
0.0014 -0.0330 0.2027 
1.4733 0.6201 -2.6279 
0.7881 0.8150 0.0569 
0.7719 0.5266 -1.8238 
-0.0366 2.5585 -0.8118 
-1.0186 -2.0742 0.2833 
-0.9704 -0.6766 0.8026 
0.8421 -0.6292 2.7216 
-1.8740 -2.2211 -0.4083 
2.0593 -0.2397 0.4588 
-0.6743 -1.4203 -1.1007 
-2.4595 -1.7992 -0.2036 
0.8982 -1.0741 -1.0313 
-1.7322 0.1903 0.7342 
0.9397 -1.4584 0.6781 
-0.3588 -1.0712 0.7168 
0.6674 -2.3940 1.8172 
-0.6608 -1.6993 -0.1466 
-1.6066 -0.5837 -0.0498 
1.3103 1.3406 2.1316 
1.2234 0.4524 1.8858 
0.6599 -1.3143 1.4834 
0.6851 0.3356 1.9836 
-0.1569 0.8385 0.5345 
0.6725 1.7640 2.0387 
1.7901 -0.7235 -0.4970 
-0.1526 1.6474 2.0629 
2.5414 -0.1533 0.5314 
0.5409 0.3975 1.0031 
2.0079 1.1567 0.7237 
0.5080 -2.6517 -0.0632 
-1.3572 1.9885 0.6815 
-0.3318 -0.6491 0.8553 
-0.3600 0.2577 0.9224 
-0.1344 1.8502 1.6985 
1.1677 2.6613 1.0980 
-0.1805 0.1361 -2.1838 
1.9857 -1.0534 -0.3663 
-1.9997 0.6955 0.2150 
2.7782 -0.9139 0.0584 
1.4600 -1.0806 -2.2926 
0.1384 1.0188 0.5142 
-2.5160 -0.0324 -1.5136 
0.2705 -1.0646 -0.3575 
0.3137 -0.9374 0.1293 
2.7957 0.6364 1.1823 
-1.2043 -0.1858 -0.6760 
0.5307 -1.9262 -0.3372 
-2.5612 -0.0537 -0.3454 
-1.1839 -1.1137 -2.2717 
-2.6521 -1.1642 -0.9903 
-0.2896 -1.3328 2.2721 
-1.5720 -0.5865 0.1687 
-0.2121 1.1437 0.8855 
-0.1775 -1.2311 1.4623 
-1.4889 2.3051 -0.2359 
-1.9954 0.9397 1.8822 
0.2252 -0.0339 1.5433 
-0.5693 0.8591 0.8351 
1.7693 0.1299 2.3178 
-0.2582 2.2098 -1.3416 
-1.1206 -1.1068 -1.8565 
0.8090 0.2882 1.7720 
0.6210 1.0436 -0.4361 
-2.7060 0.0274 -0.0018 
-0.4599 2.2298 1.2436 
0.8037 -0.3166 -2.9286 
-0.4426 2.8445 -0.6465 
1.4119 -2.3833 -0.9412 
1.7743 0.8559 -0.7818 
0.5067 -0.0342 0.5484 
0.0102 -1.0001 -0.6276 
1.8301 1.1934 -1.6677 
0.3496 -1.2760 -0.8356 
2.2104 0.5053 0.7811 
1.0459 -2.7150 0.2251 
-1.2095 -1.5914 -0.3471 
-1.2863 -0.4864 1.8338 
2.8956 -0.3274 0.1596 
-0.6809 -0.0540 3.0053 
-0.5971 1.3374 2.5650 
-1.1624 0.0801 -1.5608 
0.7509 0.3342 0.2543 
-1.6132 -0.9526 2.2423 
-0.7050 1.1693 0.4940 
-0.3263 1.4610 -1.7315 
-0.4612 2.7603 0.9855 
0.4771 -1.8903 1.8137 
-0.0821 3.1089 0.3082 
0.9895 -0.4507 -0.8910 
1.4424 -0.9669 0.2666 
-0.9669 -0.2599 0.4874 
0.5068 0.8053 2.9590 
1.2842 -0.5320 -0.3965 
0.5837 0.2153 1.2724 
-0.4091 1.9160 2.2125 
0.0836 0.7736 -1.1437 
-0.2632 -2.1921 0.7536 
1.5874 2.1095 0.5631 
-1.3280 -2.1895 -1.2143 
-2.0503 -1.5456 -0.6255 
1.7084 -0.2457 1.4409 
2.5733 -0.6724 -1.4201 
-0.3901 -2.5762 0.4973 
1.4919 -2.1184 0.7025 
-1.4027 -0.3613 -1.1940 
-0.7069 1.6579 0.9312 
2.0422 0.9784 -0.6915 
-0.7344 0.5788 0.4717 
0.0262 1.0234 -0.2962 
-0.4318 -1.5317 -1.0271 
0.2849 0.8254 -1.0316 
-0.4003 -0.7571 1.4726 
0.7255 -0.1921 -0.0783 
1.2727 1.2762 2.3509 
1.6863 1.5415 1.7666 
0.8581 0.3620 1.4685 
-1.0424 -0.9762 0.4513 
1.2934 1.3992 1.3031 
-0.6469 -0.7234 -2.4629 
-1.1044 -1.0764 0.8005 
2.4062 1.0019 -1.1668 
-1.0219 2.4551 -0.3244 
1.5935 -2.2261 0.6885 
0.7042 1.6724 -0.2242 
1.8875 1.4358 -0.2802 
-1.6549 1.3304 -1.1811 
-0.8149 -1.0364 0.2583 
-1.4393 -0.2002 -1.9026 
0.9217 1.2692 1.1021 
-2.8702 0.3433 0.6112 
-1.5515 -0.8803 1.1276 
-0.6616 -2.0089 0.8153 
-0.4815 -1.4838 -0.2818 
1.0764 0.8357 1.6746 
0.8430 1.5579 -1.2360 
-0.1672 1.1258 1.0051 
0.2960 2.2039 0.7025 
-1.0738 -0.4355 -0.9007 
-1.5388 -0.2967 1.7644 
2.8403 -1.2428 -0.1088 
-1.2941 0.1883 -1.1297 
1.1214 0.3338 2.7462 
2.6648 -0.7325 -0.1242 
1.1340 2.7399 -0.1402 
0.1591 -1.7269 1.7346 
-1.2673 -1.1437 0.6997 
0.8380 -0.3847 -0.0104 
1.7816 -0.5143 2.1338 
1.1503 -0.7374 2.2084 
0.1507 1.5366 -1.1019 
0.4747 -0.6872 -1.6464 
0.1424 -0.8666 2.5306 
-0.9962 -0.7182 1.7942 
2.4389 -0.5502 0.2322 
-1.5798 -2.4212 -1.1871 
1.6605 0.6324 -0.7408 
0.6349 1.5169 0.5924 
1.6201 -1.3298 -1.8019 
-1.5632 -0.7362 -0.6802 
-0.4586 2.5349 1.1974 
0.3592 0.9786 -1.8313 
-0.0926 0.5829 -1.5425 
1.0017 -1.8088 0.9414 
-2.4744 -0.2298 -1.0108 
-2.4968 -0.1089 1.7986 
-2.0021 0.7483 0.4399 
0.2007 0.0676 2.4812 
-1.4073 -0.2550 -0.9631 
1.1099 -1.4015 1.5603 
-1.5343 -1.6413 0.7681 
2.1271 0.7373 -1.3009 
-0.0439 1.9684 1.6796 
-0.2099 2.0545 2.0548 
-1.1542 -0.7000 -0.6083 
-1.5126 0.7876 -1.2570 
-1.6169 -0.6682 1.0112 
1.7510 1.4184 -0.9996 
1.7933 -2.3241 -0.1506 
0.6550 -1.0212 0.4715 
1.5371 1.1161 -0.0077 
0.6627 2.3482 -1.9219 
-0.6011 -2.1818 2.1520 
-0.7029 -1.6711 -0.5090 
1.6061 -0.4864 0.1594 
-0.4413 -2.3673 -1.4275 
2.7186 0.8690 0.1727 
-1.2543 -0.7757 -1.5470 
0.5555 0.9755 1.5859 
0.5042 -2.2134 0.0130 
2.3615 0.7355 -0.1246 
-1.8264 -0.5414 0.9669 
-1.5860 1.8839 0.3598 
0.4677 -0.8870 2.4087 
-0.3545 2.4408 0.6384 
0.6606 -0.5545 1.0096 
-0.9562 0.6458 -2.0322 
-0.3278 -2.5573 0.0222 
-0.5802 -0.0704 -2.6137 
-1.5908 0.0030 1.5194 
-0.2942 -0.3319 -2.0128 
1.1632 1.7914 -1.5851 
1.7895 -1.0403 1.6950 
-1.3210 -1.4423 1.1987 
0.0864 -1.9376 0.7334 
-0.6788 1.0616 2.3795 
-1.5283 1.3702 0.7293 
1.2462 2.0637 0.1521 
-0.9923 0.2686 0.9846 
-2.1190 -0.4148 -1.1913 
-1.6978 0.1958 -2.0347 
0.5492 1.0577 0.0793 
-0.3302 -1.2477 -2.5401 
0.1246 1.1174 -1.8115 
-0.4840 2.5941 -0.7473 
1.9040 -2.1213 -0.3287 
-0.1936 -1.5198 1.7784 
-0.7117 0.2082 1.1071 
2.0427 -1.8512 -0.0898 
2.3944 1.1127 -1.2608 
0.1349 0.5603 2.9454 
0.0052 1.0791 -1.2834 
-1.1598 0.6328 0.4268 
0.8570 2.7281 -0.7957 
-2.2635 1.1797 1.6729 
1.2955 -0.4776 -0.2911 
-1.7619 1.4553 -0.6219 
-0.7674 -1.2632 2.5624 
1.5530 1.1445 -0.5517 
-1.6129 -0.5115 -0.8155 
0.6981 -0.6876 1.6461 
1.4058 -2.3242 0.5824 
1.6824 -1.6078 1.2638 
1.1144 -2.5431 0.1005 
1.8600 -0.5729 0.5640 
0.6242 -0.2162 1.4347 
-1.2934 -1.7512 -0.3238 
-1.5448 -0.6831 2.4526 
0.6984 0.4623 1.2624 
-0.0091 2.9354 -0.7370 
0.8745 -2.4667 -0.2001 
0.7048 -0.8325 0.8507 
1.0131 0.3637 1.1593 
-1.3491 0.9556 -0.3672 
2.0767 -0.2236 1.8820 
0.4135 -2.2680 1.0887 
-0.7301 2.0782 0.7257 
-2.6011 -1.3418 0.4506 
0.8555 -1.8288 0.7326 
-0.4699 -2.4692 -0.5006 
2.1388 0.0177 -1.9407 
1.7110 0.2459 0.9102 
-0.2112 -1.2894 -0.2812 
1.2726 0.9875 0.6737 
1.0015 0.0250 -0.1196 
-0.9452 0.4712 -0.3220 
-1.2718 -0.0332 1.0997 
1.3988 -1.8993 0.5809 
0.4054 1.9852 -0.2329 
-1.7877 1.4639 1.7691 
-0.2130 0.2534 -1.6124 
-1.9968 1.3217 1.7222 
0.1421 -1.1206 -0.8561 
1.6417 0.1045 0.3380 
0.4650 -1.0724 -2.3638 
-1.1329 -1.4811 1.4846 
-2.9569 -0.1653 -0.6613 
-1.9438 0.1242 2.4013 
-0.2140 -1.9236 -2.2207 
-0.8024 1.4016 0.2492 
2.5305 0.1065 0.0931 
2.6875 1.2393 0.3335 
-0.6697 -0.5639 -0.1017 
-0.3668 1.0545 0.7629 
0.0760 1.6563 0.6989 
1.7255 -0.5529 -0.5211 
-0.4198 0.3028 -2.3832 
1.7391 0.2729 1.5809 
0.5165 -1.8116 -1.7822 
0.1690 -1.6676 -1.0208 
-0.6225 -0.1852 -2.5789 
0.8009 -0.4712 -0.2157 
-1.2155 0.0577 1.1521 
2.2778 0.7558 -1.5200 
-0.4070 0.3302 0.7046 
2.2588 1.2244 -0.7576 
-0.6102 1.0383 -2.3043 
-0.9868 1.1706 -0.6367 
-1.0650 1.2197 0.0273 
-1.3799 2.1285 -0.5387 
1.7127 -1.3904 -1.1721 
-0.4084 -2.1318 1.5763 
-2.8455 0.5757 -0.2505 
-1.1010 -0.5566 -1.5445 
-0.5864 -0.8209 0.9938 
1.7255 -0.8405 -1.6139 
0.1113 -0.3534 0.6355 
-0.0203 2.4346 -0.0241 
2.1899 0.6626 1.5095 
0.7972 -1.4957 2.0804 
0.1820 -0.7004 -1.2633 
-1.4271 1.2130 1.5005 
-1.2336 -0.8044 1.4358 
1.3231 -1.0322 0.6697 
0.8862 -1.1687 1.5777 
-0.3540 0.1472 -0.6827 
1.1895 2.6997 -0.3131 
-1.1770 -1.9857 -1.2958 
-0.1604 0.6393 0.1703 
-1.5541 -2.5401 -0.3306 
0.6479 1.5747 -1.0262 
0.8317 0.8907 1.2277 
-0.5317 0.8621 -2.1061 
-0.9598 -0.7401 1.5702 
0.1901 -1.0664 -2.5177 
2.3839 0.6969 0.4393 
0.6748 -0.6386 -0.5036 
2.0298 1.6379 -0.5056 
-1.2022 0.7805 0.3844 
0.2631 1.3915 -0.0877 
-0.3643 0.0847 -2.6123 
0.3170 2.0480 1.4770 
0.1494 -0.0531 -0.1298 
2.1424 -1.1993 -1.2275 
-1.0886 -0.2118 1.1336 
-0.9869 -0.5012 -0.5825 
-0.7894 -0.5287 -0.5861 
-0.3569 1.5484 0.0822 
1.4184 2.7385 0.2143 
1.6298 2.1317 -1.5382 
-1.5739 1.3597 0.9586 
0.7142 1.6274 -0.7688 
-0.1714 0.9543 -0.7929 
-0.9785 -1.1156 0.7450 
2.2292 -0.4119 0.8132 
1.7664 0.4724 0.0543 
0.6210 -1.8251 0.3504 
-0.8767 1.4449 2.0459 
-1.5731 2.6128 0.5848 
-1.1771 0.0538 -2.7030 
1.5606 0.4139 -1.1555 
-1.2102 1.2533 -1.1287 
1.5933 1.5241 0.7749 
1.2816 2.6058 -0.7820 
0.8222 2.0951 -1.7869 
-2.2389 -1.5644 -1.2092 
2.3660 -1.9544 0.0270 
1.9182 -0.6709 0.7078 
1.7505 0.9836 -0.0112 
0.7601 2.3009 0.2138 
-2.2426 0.5356 -0.2719 
1.3938 -0.6659 -1.2182 
-2.2317 0.5162 0.6389 
-0.6559 0.6718 0.5039 
0.2551 -0.3738 -0.8411 
1.6030 -0.7635 1.5378 
0.4207 1.7845 -1.3656 
-1.5695 1.4414 0.7854 
-0.2641 -0.1588 2.3233 
0.4453 -0.9734 -0.2839 
0.1334 -0.4019 0.7272 
-0.8714 -0.1937 1.9370 
-0.3285 0.7402 0.2178 
-0.0890 -1.2116 -0.7941 
1.5134 2.3430 0.2491 
2.6061 -0.6631 0.1623 
2.3982 -0.2964 -0.3458 
-0.5863 1.5826 -1.1250 
-1.1450 1.1950 0.2831 
-1.4472 2.3163 -1.0961 
-2.1359 1.6000 -0.7130 
0.0455 -2.3965 -1.0149 
1.2704 -1.4620 -1.2111 
-1.1007 1.5876 -2.0197 
-1.9575 -0.0860 -0.5986 
2.3803 -0.9096 -0.3334 
-0.8690 -1.3087 0.0976 
0.9486 1.0973 1.2543 
0.5564 0.6149 -0.7806 
1.9473 0.3343 -0.8020 
0.6141 -1.1968 -2.6214 
0.5821 -0.2527 2.2884 
2.2510 0.6433 1.0022 
-1.4048 0.5928 1.0703 
-0.7998 1.8130 1.1273 
0.5008 -0.0821 -0.0869 
1.5922 -1.4233 1.1122 
-0.6175 2.3605 -0.5728 
-0.9237 -0.1267 -1.1586 
2.3495 0.4767 1.1263 
0.7482 1.8468 -0.1840 
-0.4099 0.4776 2.5525 
0.6623 0.3498 -2.1231 
-0.0067 1.3679 -0.4239 
0.9500 -1.3929 -0.7564 
-1.6216 0.9245 0.8583 
0.5264 2.4303 1.8389 
-0.7241 0.5923 -0.0437 
2.3685 1.3169 0.0137 
-1.5871 0.8206 -0.9928 
0.7917 -1.0905 -2.3671 
1.3831 -1.9541 1.1883 
-2.1001 1.1284 -0.2988 
1.4220 1.0824 -0.7240 
0.3236 0.3088 -1.7082 
1.1344 2.1283 -1.1570 
-0.3155 -2.0002 1.1305 
-1.5134 -1.1487 0.8431 
-1.1052 -0.6185 -0.1236 
-0.5483 0.6805 -0.3108 
-2.2608 -1.2942 1.1095 
0.3318 2.8731 0.2210 
-0.1417 0.1162 -2.0381 
0.6876 -0.8223 2.2310 
-1.0939 0.4873 -0.5013 
-1.8239 -0.4740 1.2493 
-0.7983 0.6066 -0.3944 
0.4072 -1.0331 1.4173 
0.3264 1.7002 -0.7537 
-1.7473 -0.0750 -0.7308 
-0.9304 -0.0884 -0.9236 
-1.5319 -0.5219 -1.9626 
0.7729 0.8263 -0.0884 
-0.5520 0.1904 2.9200 
-1.7870 -0.2387 2.1456 
1.6900 0.6808 -0.1364 
1.2973 -1.1258 1.2569 
0.4356 -2.2185 -0.0862 
0.8379 -0.2515 -1.3628 
1.9291 1.0266 0.8612 
1.0897 -0.3165 1.2755 
-0.8419 2.9283 0.3333 
1.1728 1.8293 1.4532 
1.5504 -1.5227 1.0244 
-1.6239 1.9096 -1.0044 
-0.7092 0.2348 -0.2711 
-0.2560 1.4324 0.0408 
-2.9360 0.4387 1.0233 
-0.2930 0.4837 2.1422 
1.6376 -0.3607 -0.5372 
1.0813 0.1227 -0.1204 
1.1198 1.2448 -0.8253 
0.1873 2.6288 -0.5253 
0.4069 0.3603 -2.4214 
2.0574 -0.2032 2.3470 
-0.1929 0.7140 0.4179 
-1.5979 -1.1049 1.6495 
1.5623 2.0699 -1.0662 
1.6308 -0.9606 -0.1523 
-2.2518 0.5450 1.6592 
0.3758 0.5856 0.2298 
2.1080 -0.1280 -0.2685 
0.5065 1.2180 -0.5560 
-1.6954 -0.4732 0.3430 
0.7311 -2.7733 0.4440 
-0.8617 -0.0080 0.2878 
0.4381 1.0903 -1.7532 
-0.6209 1.2008 1.5780 
-2.5386 -1.0660 -1.1108 
-0.3021 0.2315 -0.0808 
1.9855 1.9269 1.1793 
1.4265 1.5391 -0.5900 
-2.2038 -1.6464 0.1929 
1.0996 -0.9735 0.1606 
-0.3805 0.7414 1.0544 
-1.2774 -1.2160 1.0222 
-2.5633 -0.8966 0.6843 
0.3152 -0.0385 2.8966 
1.6857 1.6347 1.3867 
-0.3386 -0.1855 -0.8109 
1.3583 0.7659 -2.4205 
0.1852 1.7385 -0.3372 
-1.0601 -1.1271 2.2113 
0.1195 0.4170 -1.5232 
-1.5824 -0.3058 -1.5736 
-0.8257 0.9422 -0.6007 
0.6405 -0.7616 -2.9480 
-0.8567 1.0323 -2.3934 
-1.3614 -2.0561 -1.8922 
0.5050 -1.0419 -0.5686 
1.1002 -0.3127 0.8273 
0.5338 -0.6538 1.1565 
-2.3782 -0.8519 0.6173 
0.1295 -0.5503 -2.2153 
0.4691 -1.1776 -1.1343 
0.9907 1.3593 1.5570 
0.8514 0.1468 0.1443 
-1.2761 -0.9938 2.5017 
-0.8892 -2.0000 1.9472 
0.5154 0.6760 0.2399 
-2.1291 -1.7935 -1.4453 
-1.8531 1.9317 1.4190 
-1.3453 0.4594 -0.9618 
0.2825 0.9212 -0.9167 
0.5153 -0.0052 0.0027 
-2.3159 -0.6167 0.2382 
0.5691 1.3930 0.8630 
-0.8344 -1.2906 0.9987 
2.4093 0.8925 1.2154 
1.5812 1.7523 0.8165 
0.7603 1.7169 -1.8004 
-0.1090 0.8250 -1.2313 
-1.6580 0.1407 1.5341 
-0.9487 -1.4684 0.0896 
-0.8951 2.1865 0.5592 
1.1873 1.2386 1.2118 
2.5524 1.4032 -0.0605 
1.1793 0.3520 -0.7960 
0.2617 -2.0272 0.0166 
2.1566 1.5441 0.2952 
1.8535 0.9410 -0.6916 
1.8725 2.1659 -1.1026 
0.9635 -2.1217 2.0382 
0.4827 -2.8703 0.6752 
1.1259 -0.8180 -0.5785 
0.0857 -0.9584 2.6900 
-2.2633 0.1095 -2.1489 
-1.7185 0.9215 0.4022 
0.1433 1.6968 1.1408 
0.0143 0.7930 -1.0024 
2.0599 0.6374 -0.9396 
-1.0733 -0.2266 0.5039 
2.4088 -1.2702 0.0771 
1.0875 -1.7244 -0.0208 
1.8408 -0.0203 0.6648 
-2.6331 0.5341 1.3961 
2.2603 -0.3530 1.0822 
-1.9250 1.1954 0.4264 
2.2756 -1.5808 1.1653 
1.7704 -1.7220 -0.6992 
-0.6004 2.2405 0.7850 
-1.8926 1.3364 1.2014 
-1.2985 1.7925 1.5794 
-0.3025 -1.2783 -1.8433 
-0.5002 1.0603 2.7993 
0.5684 -0.2395 2.9072 
-1.1546 2.4858 -0.5051 
1.0813 1.2497 1.4359 
-1.5874 -1.4805 1.4136 
0.2120 -2.8495 0.5987 
1.2578 0.7864 1.5961 
1.4795 2.0901 -0.2630 
-0.1479 1.0696 -0.0983 
0.7957 2.5459 0.5013 
0.6981 0.3986 1.0146 
0.3747 0.0146 0.4490 
-0.5916 2.2093 -0.7251 
-0.3256 -0.9651 -1.0730 
-2.2191 -0.0460 -0.6432 
0.9157 -1.9985 -1.3466 
-1.1363 0.2300 -2.4840 
1.1322 -1.2229 -1.4924 
1.1506 -0.1980 1.0924 
2.1362 1.0900 -1.7742 
1.8771 0.0480 -0.9090 
-1.4493 0.1736 -0.8885 
-0.6028 2.1784 0.7279 
0.1334 0.8080 -0.9100 
1.0032 -2.7993 -0.6311 
-0.6747 2.2555 0.2585 
0.0094 1.7749 0.6080 
-0.9524 -0.3331 -0.1143 
-2.5106 -1.0793 0.2903 
-0.6777 1.0912 0.4955 
-2.2074 0.8976 0.0623 
-0.5169 -0.7273 2.4251 
0.5770 1.7083 0.0578 
2.1753 -0.5832 -2.0627 
0.9674 -0.4513 -1.8638 
0.9635 -0.7609 -0.3652 
-1.2333 -1.1574 -0.5157 
-0.9927 -0.4930 -0.3420 
1.9894 1.7851 0.6885 
-1.9893 -0.5681 1.0000 
0.2603 -0.7460 1.1180 
1.6184 -1.9832 -0.0219 
1.9906 1.5093 -1.5631 
-1.1176 2.6884 -0.0935 
-1.5836 0.9462 1.3735 
2.6048 -0.0197 0.4846 
1.4411 1.8036 -0.6784 
-2.2087 1.0764 -0.6424 
-0.1887 0.9678 -2.8938 
1.0265 0.9687 -1.3792 
-0.0882 -1.5280 -1.1240 
2.7099 -0.1087 -0.1849 
-0.2113 -0.9030 -1.3421 
1.2082 1.3500 2.1276 
-1.6428 0.1350 0.0222 
0.9212 0.3869 -2.1744 
-2.3176 -1.6787 -0.7587 
0.2946 2.3156 1.9559 
0.6783 0.5942 -2.7875 
0.2222 -0.2131 -0.6008 
-1.6923 0.5899 0.1574 
2.4369 -0.4903 -1.5203 
-1.6519 0.5628 1.3176 
0.0132 -1.0224 -0.6764 
-0.6790 1.2296 2.7863 
-0.3347 0.9127 -0.5105 
0.5671 -1.0848 0.4593 
