-285.430423 153.240904 2452.502383 
200.335309 216.184416 2215.402188 
-370.703152 67.167528 2794.791399 
202.001063 175.955008 2942.529317 
262.463665 372.326351 2377.303582 
35.283375 106.464435 2365.542505 
376.788358 484.153478 2308.019511 
-99.748938 288.134316 2805.199637 
-239.483886 148.064198 2570.177082 
290.518798 -302.306194 2683.164558 
56.485277 -317.009335 2342.391563 
-313.213081 441.537538 2105.706242 
-341.439545 77.116771 2784.338464 
2.496446 -276.528598 2086.749810 
-441.086834 -445.585190 2257.499358 
-297.745854 -127.205853 2203.417603 
-237.759080 166.462766 2776.479060 
368.217269 -27.301578 2401.300417 
-319.970215 -54.640581 2268.453957 
-442.192355 177.467821 2196.676512 
-342.120299 414.399451 2102.572374 
-37.168923 -474.947837 2183.090177 
-100.134466 103.224644 2295.908804 
-376.694673 -23.480074 2560.299827 
388.406895 -122.664190 2234.661359 
435.036647 -142.441564 2592.859228 
-331.779039 217.481351 2241.512508 
409.596965 428.458503 2523.247108 
-146.052783 64.535084 2578.969665 
-221.991698 109.931426 2865.410471 
314.550088 -302.090956 2688.188935 
-199.493034 -66.447315 2700.648440 
-350.869103 -269.166489 2658.051594 
-249.960864 491.287286 2406.323244 
-221.097923 -190.681005 2971.646248 
19.938411 -304.769804 2087.679141 
58.083926 200.861629 2483.681989 
55.419993 92.163160 2789.439090 
-117.070419 333.280818 2111.574376 
286.003398 421.640655 2706.433037 
-470.801300 -10.638699 2156.873706 
88.575449 -420.383019 2929.097433 
-281.841776 -204.366520 2190.533164 
-281.482056 -97.356454 2129.671487 
-251.098376 222.669181 2218.757349 
-199.488095 -252.125632 2615.896443 
0.464486 -248.462164 2908.356979 
368.223403 -354.026956 2011.344636 
450.511229 272.053113 2650.667727 
23.991091 347.272907 2693.779589 
-324.381838 258.095574 2889.851502 
149.765392 -436.775483 2990.097435 
-315.637266 405.853255 2499.979698 
-370.865635 343.628108 2742.210755 
-444.162721 -154.181721 2212.245299 
-321.813738 -5.136830 2926.684111 
-60.406943 432.652646 2651.921661 
201.340801 454.941481 2442.538425 
406.850794 335.469039 2597.354875 
-68.319106 339.912049 2724.345025 
33.418992 422.091863 2136.080566 
-14.331220 -96.878583 2519.094896 
5.565195 455.901767 2194.497565 
304.587582 -80.460448 2303.588899 
461.042559 50.504090 2939.136738 
403.055195 -432.044133 2283.045359 
-40.963614 34.518010 2644.031772 
467.826784 -266.604493 2826.711142 
-224.051550 226.938414 2663.496729 
399.767791 345.872490 2161.884448 
183.707684 -7.516551 2005.040163 
-460.215256 -302.596167 2641.686852 
309.512879 -173.872997 2457.967437 
-222.652518 89.454455 2720.108758 
430.152924 -237.007181 2610.020136 
-489.502703 81.189323 2094.080485 
398.023984 -371.994067 2563.735957 
-154.981992 293.394219 2361.196985 
-75.653328 239.163999 2681.380706 
1.352965 -301.240055 2324.642062 
-29.381248 -174.670381 2548.014068 
-10.615741 -458.036144 2061.935748 
250.525655 -318.829035 2876.604653 
-60.224290 -373.634928 2734.034559 
-244.587131 -113.872526 2207.306550 
128.780369 -320.230513 2269.416567 
276.277684 -45.360447 2956.357552 
347.242165 11.763505 2639.050087 
174.684175 304.746497 2674.645750 
452.886763 -17.783808 2143.826588 
-447.225672 446.609395 2705.243723 
-380.573543 309.749395 2940.757244 
389.622375 323.919567 2814.230394 
-394.178606 -416.242341 2924.539838 
112.623562 -492.846264 2587.867039 
487.240397 -276.452091 2968.882031 
335.660069 449.278095 2806.869583 
-77.379247 -179.303736 2987.881045 
-369.333219 -314.699713 2744.884899 
463.202263 -401.635290 2973.409581 
-304.504983 119.230301 2861.604304 
-369.259277 -62.754657 2107.131323 
371.608009 51.726647 2131.562463 
-342.177544 237.239899 2932.916053 
-494.357431 395.521947 2865.379802 
49.460778 214.347354 2955.374260 
-415.500092 329.406055 2758.066708 
423.952442 268.206318 2520.735962 
125.394483 412.853514 2883.153634 
131.036815 -188.350716 2814.892029 
-409.992936 -60.227883 2619.133947 
367.981190 -176.841476 2189.899354 
-44.508005 -178.502061 2765.434226 
-173.379083 280.196266 2659.333012 
-43.742570 253.836921 2712.102015 
-224.635535 -211.609969 2459.042931 
239.096372 163.762828 2242.544847 
408.478427 -287.207605 2402.111281 
238.563553 367.003265 2117.613317 
119.811195 21.551325 2960.022687 
-250.429297 -44.822917 2351.713362 
-348.995483 137.224880 2512.711888 
233.524602 119.273933 2110.193383 
-148.120200 280.173766 2935.104555 
76.643528 -408.314646 2162.379039 
-404.228759 -112.621184 2453.812477 
-46.358356 -384.985995 2559.582520 
-388.143995 163.860119 2925.122342 
-16.363111 -224.891743 2575.018662 
127.489688 -111.116023 2556.459308 
402.916261 -466.143887 2753.606465 
306.192881 129.608491 2457.088024 
182.215163 243.634954 2570.048473 
234.863300 50.999362 2350.886795 
94.389918 -224.801233 2953.388161 
398.615699 377.399323 2228.079416 
234.355694 -268.610411 2307.360596 
310.349917 -167.844490 2329.952424 
432.565235 479.893719 2100.868742 
81.503316 -130.232992 2183.643178 
-29.088559 86.827583 2812.218059 
93.864126 -366.907683 2299.705414 
132.467938 -452.677306 2101.864370 
464.984127 62.355963 2690.117772 
262.792918 332.355692 2477.067362 
29.063083 9.265212 2432.626720 
343.764350 398.395874 2314.800212 
-137.340882 -118.066198 2369.312973 
402.265591 -181.431009 2729.900960 
-259.555498 -107.642283 2504.345216 
48.168692 -424.338033 2357.648574 
-477.004199 -44.508547 2686.126323 
-81.821190 -349.024247 2582.466910 
191.302755 -129.062524 2861.312034 
427.759474 -358.586017 2450.616047 
83.887183 -36.571275 2725.774691 
355.209021 139.817095 2605.711785 
-415.287613 212.098970 2384.529825 
-383.121662 159.854262 2235.649624 
-151.316375 -482.200464 2799.892158 
-190.204902 115.264141 2552.300532 
-355.064931 -454.646625 2496.989899 
-133.531788 -455.177009 2445.625916 
-22.393338 -112.370087 2508.140632 
-101.187368 -288.669643 2069.340165 
-76.194350 -446.929281 2257.301812 
186.756822 -50.530244 2271.531387 
420.623788 -116.444046 2428.859677 
396.096195 -379.542138 2382.045709 
413.571711 429.448640 2783.309917 
-324.798486 307.662982 2120.783290 
-181.962684 76.932219 2491.134123 
-309.986081 17.966979 2223.536743 
231.019954 278.374697 2151.445912 
-56.055369 -412.202394 2303.802610 
397.523154 -201.271176 2542.055780 
193.254256 309.616490 2927.628409 
-473.267931 -92.160243 2018.979482 
-406.363066 447.871558 2002.288216 
-142.381399 282.452009 2586.557891 
-467.200516 49.638119 2902.615988 
-430.943905 -333.104161 2449.728279 
299.760289 454.573816 2485.980230 
72.351992 -32.664023 2554.829070 
104.910940 -97.982849 2203.426041 
80.210790 183.310209 2647.451546 
498.320963 -367.256902 2836.242215 
164.880225 -367.245598 2349.767278 
-475.284431 372.168948 2695.017437 
20.883492 173.898162 2619.296934 
53.757909 -297.814977 2367.506243 
205.212611 121.982522 2506.593308 
262.890067 262.706228 2025.003088 
7.302644 -112.616193 2116.812752 
133.955180 -451.741263 2074.824700 
134.676183 -235.049611 2799.208755 
329.048048 -86.042785 2148.878452 
104.828774 -278.516113 2582.255159 
82.693504 -198.178302 2068.573881 
305.723050 -358.172964 2601.806777 
-401.516912 -35.617904 2904.807869 
-396.202254 -7.710684 2866.726822 
-65.990453 -57.661166 2788.796367 
-477.027191 455.123069 2180.995556 
-346.064766 453.319520 2727.875044 
264.378573 -450.593675 2666.090665 
488.116847 -209.779740 2456.953893 
392.908661 -465.005770 2804.181349 
192.402354 -235.438630 2913.936720 
-108.554634 -174.337785 2652.338717 
120.486999 -246.232593 2485.187355 
91.342564 319.423147 2293.172837 
303.715419 -230.506557 2311.066282 
200.113733 -449.670333 2215.798991 
-272.958092 -379.321347 2876.456773 
435.573639 -348.182736 2057.823147 
446.965746 -198.198235 2961.193131 
22.556826 -451.972701 2899.052749 
-351.299709 -332.383658 2932.973100 
29.990724 213.989182 2084.974159 
242.543707 -473.420586 2198.939567 
410.684494 18.715571 2361.719632 
-80.155252 58.362509 2793.828110 
61.908346 -371.228299 2800.563976 
-452.308990 -358.678755 2613.638304 
22.995495 -351.261628 2812.239636 
-204.315247 -284.975222 2225.734373 
17.378160 -37.538262 2480.822347 
455.253187 -102.318135 2096.357014 
-228.875292 -93.735607 2957.047038 
466.928091 -259.938950 2551.145954 
103.757807 425.396462 2781.694765 
-382.381098 -321.555766 2487.119898 
240.174168 454.686378 2938.283612 
-247.418005 469.666073 2628.427747 
-241.119082 -315.213934 2333.873308 
-391.468587 -143.596673 2838.532363 
117.701478 -402.658172 2015.042754 
120.403143 315.689129 2559.621316 
-426.852507 304.809075 2379.531456 
449.304019 -195.634184 2829.074863 
249.334825 -198.168688 2443.037117 
-309.984888 149.097501 2935.422170 
-321.819966 93.823732 2382.284680 
255.792750 498.310994 2620.488144 
-163.279179 -309.888354 2685.412044 
61.997357 -393.877457 2749.821642 
286.150326 136.181935 2285.067677 
60.293936 -454.456137 2954.837989 
-40.551906 234.198722 2884.866150 
-298.770607 89.590994 2228.459147 
439.142023 -1.997991 2671.285479 
-144.187372 458.539192 2264.924478 
-448.741391 -283.552460 2771.139180 
203.852349 102.863480 2496.236666 
-291.867479 235.554347 2472.209546 
-313.742811 -39.151149 2446.794951 
-458.051069 -86.966375 2409.057091 
-253.749146 -465.014925 2183.447466 
340.169141 -375.664210 2226.972419 
-395.454573 -195.993324 2609.961447 
44.689755 -345.099601 2887.321720 
-243.227772 389.861295 2379.576914 
-468.602841 86.197702 2158.447025 
264.621462 342.719637 2700.281624 
302.910592 -350.510636 2209.424763 
96.156364 351.156169 2309.797234 
-464.104712 11.834849 2348.484222 
361.846788 -434.848917 2048.890557 
220.174377 -73.442491 2016.783764 
229.161557 -487.908347 2901.809742 
-341.012892 -6.348148 2715.137887 
216.583191 -64.118269 2758.981860 
-293.848400 -135.161296 2373.281672 
7.021805 -6.784216 2613.501219 
297.373152 297.232179 2790.765914 
143.589243 -401.306649 2304.254241 
-127.218661 89.492220 2437.033600 
449.915837 -166.547567 2916.794579 
-332.608176 175.892342 2231.589290 
359.165558 -465.100037 2484.080753 
-51.233901 -49.844498 2666.343835 
-278.283338 -373.674107 2371.223661 
-135.162055 -417.376898 2618.013301 
141.099519 -91.968496 2640.000156 
94.533159 -198.274755 2301.380463 
-141.649827 423.992374 2544.809635 
69.076718 208.671155 2678.327115 
-273.309236 -85.374766 2126.652376 
227.849030 94.148106 2622.949035 
65.365229 -164.268391 2474.943602 
-267.659342 -33.938364 2381.733500 
-369.732828 -151.924929 2656.778293 
-307.386743 170.023931 2334.017771 
-72.046129 -274.714994 2978.471683 
-112.131975 354.643724 2969.462484 
163.411444 102.852835 2291.517221 
-192.109542 392.802945 2138.955912 
302.857069 465.696060 2388.815023 
-173.219087 -448.141801 2202.614777 
189.602486 -348.585515 2240.760804 
495.065581 404.205017 2226.883808 
-345.422631 291.953655 2010.581417 
203.989847 -50.414573 2331.324118 
-132.066613 -207.926283 2915.395163 
213.198276 -312.088037 2135.437986 
206.883019 78.963785 2471.865123 
-19.544334 443.323662 2429.389848 
162.953847 -330.104462 2245.433252 
-157.012763 449.983010 2250.696267 
-353.169687 -427.346971 2123.776797 
-311.445078 26.987169 2433.705932 
-18.129185 409.813361 2681.353726 
-329.769603 80.689044 2195.832545 
-390.271751 -24.743996 2186.201058 
375.254065 -35.977853 2327.805743 
-215.189798 494.602486 2474.144054 
402.537322 -339.634386 2606.057002 
46.876259 -499.250690 2008.565668 
-142.644970 -172.377734 2366.286026 
485.723593 369.415635 2721.315558 
175.896197 384.904594 2397.811994 
-27.852393 -170.501857 2160.254231 
174.788176 -49.073657 2121.460914 
365.792619 -148.318221 2092.009312 
-154.281374 -223.883824 2668.449514 
-61.491601 400.745673 2969.341401 
-413.060821 -14.645524 2148.468138 
470.045844 415.349076 2352.140678 
453.242180 -275.372156 2559.592423 
-196.702484 -47.662765 2888.133259 
410.562862 391.062093 2297.982420 
412.570976 326.738105 2951.913548 
-16.650896 177.896585 2667.771640 
-368.209195 -90.386366 2151.906722 
324.244904 -307.293950 2785.473103 
91.425885 -252.997337 2611.218043 
-100.453067 -285.403461 2736.048358 
108.987535 223.855444 2776.636171 
-13.797166 -301.729666 2010.282954 
124.543930 159.890126 2754.368059 
256.354822 293.359778 2900.924928 
-173.841359 307.018715 2894.922440 
315.469219 -129.713380 2675.482475 
-274.722905 445.857798 2958.184953 
-42.075798 -341.837141 2063.576175 
329.031323 -467.014040 2903.537921 
359.548120 -19.066985 2396.532614 
37.115177 -379.660356 2047.862848 
155.652364 237.059542 2997.183021 
269.269070 -388.488809 2203.516974 
-250.169013 -469.117381 2291.975350 
-104.281219 -492.725710 2874.000820 
-258.513556 107.428564 2649.557807 
387.385110 246.025629 2306.897084 
450.379457 445.672411 2925.923459 
156.673932 -372.365292 2398.307829 
129.873419 -347.188980 2769.041488 
-223.524186 -399.239884 2959.498075 
-77.424028 -241.795419 2489.617530 
-488.217112 -76.382963 2539.529286 
-92.459956 108.074192 2601.166714 
-427.575398 -274.714910 2670.159149 
-287.435550 -488.958073 2123.480302 
-248.637494 175.632101 2911.794206 
14.125171 -71.308899 2630.174924 
-468.701304 -69.614095 2438.301239 
-181.250292 256.855842 2425.277984 
194.392249 292.468551 2395.914410 
-238.494991 -403.895873 2323.771863 
-280.983302 -300.642407 2994.039876 
295.938932 -275.949457 2569.475449 
421.811314 -20.709658 2797.147280 
-293.134450 -196.584224 2962.780405 
-336.993582 43.216467 2081.275076 
118.283070 -304.194799 2759.954320 
-242.868125 -354.931194 2779.571030 
-118.928773 -256.818687 2128.273045 
296.449778 138.285725 2399.905669 
-84.223520 499.400643 2468.803422 
412.472739 384.090303 2663.019361 
68.430960 292.442505 2506.923018 
-281.949370 148.434924 2398.207895 
91.643601 -284.455130 2788.959837 
-275.923258 65.381430 2306.778862 
-182.616648 357.975158 2183.758245 
-434.325400 302.702603 2493.459526 
-241.512140 383.773329 2363.859686 
-247.465957 81.290112 2879.719745 
379.891698 -425.758622 2241.064710 
444.690911 158.807534 2135.956909 
-262.177907 311.267691 2728.659463 
246.474901 -65.733269 2383.876078 
-387.305547 24.635871 2025.177452 
-321.246863 422.830142 2009.331966 
397.284187 -122.678440 2587.875673 
416.244028 -105.852368 2998.873500 
-118.745508 172.015389 2054.057733 
-329.251448 -221.565732 2572.262046 
-426.148617 -30.875112 2330.692497 
-455.654431 -91.106487 2549.212813 
-202.722335 -128.232026 2039.759026 
-284.987905 -17.422463 2689.148299 
6.223248 -370.992399 2093.018091 
475.580314 395.322309 2113.908491 
64.589139 -464.561140 2777.976537 
102.971177 162.262665 2281.417750 
261.480171 427.399676 2094.822844 
-112.004558 -233.826918 2749.451743 
-438.050195 -143.259951 2122.987013 
443.153248 -189.025300 2181.913513 
422.534166 247.850848 2926.511076 
267.694438 -232.499408 2175.274980 
245.606995 -59.032940 2086.276478 
41.174175 272.538973 2991.816627 
447.890476 -97.333605 2584.745715 
-441.478306 258.061433 2789.730594 
310.889906 -329.626619 2988.126048 
-147.823508 -32.994091 2978.692456 
10.256149 -431.031477 2733.039637 
-450.334088 498.082068 2836.512737 
-188.088396 222.916585 2330.240105 
-90.687645 180.061165 2210.686766 
299.017208 -164.321600 2988.970785 
-213.462796 -137.980946 2232.206853 
-442.820414 -26.626561 2509.203201 
-388.439545 -396.588037 2938.973471 
49.384092 -150.894065 2066.084185 
-12.984766 255.591557 2418.277453 
33.791968 458.177413 2711.866718 
-298.499086 103.986468 2794.066351 
216.823808 119.214955 2519.272184 
-239.984907 22.874601 2315.725446 
-122.387991 235.305194 2514.206605 
341.779231 -439.457188 2487.699572 
192.665144 -329.524984 2285.211618 
-287.227524 215.628239 2618.391287 
8.948919 136.341286 2999.901074 
-292.448907 -268.721391 2522.805753 
-256.700199 -433.386570 2771.639097 
-494.480052 -159.285969 2809.195336 
115.346847 -444.216788 2727.904497 
352.490422 82.957819 2324.836008 
340.979228 -3.771454 2305.530818 
163.029628 -265.153520 2363.069201 
-386.730799 -30.879960 2164.433641 
-171.924080 -154.218533 2913.071087 
-457.531540 -427.079545 2058.772638 
331.566387 93.673690 2609.790834 
-47.544514 -407.156864 2893.720370 
-442.697933 428.534021 2780.806870 
27.611342 -197.272974 2613.468942 
-223.946528 -300.014006 2906.564283 
-242.280390 88.047451 2307.506375 
-418.412551 327.816233 2196.306546 
-410.086984 -42.162427 2035.881566 
156.815402 -251.939095 2620.401902 
103.693398 -329.391586 2983.740068 
-31.004170 308.699721 2528.279128 
442.980653 -78.004921 2590.294347 
370.128085 33.168412 2874.157556 
-4.151138 116.788838 2191.018780 
313.057573 136.566992 2946.321771 
212.855845 -383.300239 2330.878487 
-17.549977 -368.438178 2058.694890 
145.331435 -215.575971 2139.209922 
432.685301 -257.210501 2730.102710 
308.134925 321.209920 2212.779223 
50.330863 232.824993 2298.821392 
330.931870 45.391645 2116.790134 
76.461033 73.405997 2869.386173 
443.124886 263.539444 2269.969343 
-85.196330 279.009104 2661.638888 
75.543811 -12.709109 2451.349349 
438.506848 285.934788 2449.170979 
365.787351 276.937473 2016.318578 
338.939588 222.473655 2729.280537 
450.680588 -309.375881 2806.341034 
337.673370 290.645656 2749.898619 
314.662331 -461.560050 2996.264877 
-101.483686 -340.964490 2843.877315 
-469.881401 -153.884416 2563.862515 
105.784631 210.603664 2837.366818 
118.951312 169.621271 2663.291700 
18.870520 -263.040376 2319.860911 
210.609530 -388.329242 2306.932895 
-44.963670 290.336516 2191.498825 
-396.156710 -391.010658 2839.292964 
83.203092 430.516580 2542.808315 
-153.560350 -389.663183 2004.612074 
246.065831 -391.244846 2372.271345 
-285.606212 252.258003 2351.654203 
-328.333339 -362.696550 2881.936319 
494.798252 -409.703221 2550.519103 
33.736596 112.638458 2106.855563 
336.549513 246.905231 2211.139831 
-379.023985 348.785484 2153.120872 
463.846902 351.515628 2338.438294 
-83.633236 -254.190822 2606.645482 
129.288538 -319.359593 2312.156078 
208.904039 245.335098 2463.896485 
-484.916267 -69.333430 2306.470000 
252.368332 -376.770533 2271.342415 
6.752043 346.218712 2094.787238 
89.997780 -310.740730 2213.327117 
-3.260853 -313.000086 2555.889706 
316.394585 154.953366 2099.597118 
439.752781 -259.366830 2155.337161 
-116.314406 -315.290757 2303.944003 
-361.983915 -326.585350 2096.854186 
-429.444154 -282.484620 2446.401808 
-196.709739 231.707533 2884.103425 
61.035277 39.979738 2806.905607 
-260.899612 -206.936196 2039.818005 
256.126931 301.665880 2262.726809 
1.848281 -444.178794 2161.485637 
-427.958820 33.709326 2011.114654 
-255.245304 -349.056463 2592.951549 
220.058969 -64.475689 2633.543526 
-435.729827 485.826121 2694.805470 
-60.279196 -96.587836 2397.815755 
96.994335 -153.920699 2532.287698 
-235.870833 359.858229 2406.773228 
176.934616 -446.448103 2752.661421 
-294.895943 -238.727017 2878.114316 
75.072487 -461.355805 2034.339824 
205.804034 205.006542 2281.004712 
154.537688 186.540954 2558.170379 
-17.020578 -40.754796 2800.163594 
-189.063655 38.987023 2227.436836 
-148.482975 -444.947392 2967.166102 
-135.791786 -108.796134 2978.348754 
-394.929220 404.842656 2801.129707 
213.428915 -351.652895 2355.258259 
6.178972 -141.299527 2061.697012 
8.747149 49.685188 2933.792477 
-272.647189 -436.908585 2616.241666 
-111.612898 -199.902946 2734.282524 
-220.228583 470.114147 2204.173485 
-182.232152 -282.082520 2967.652782 
52.365127 140.838113 2057.509914 
-170.542837 437.847861 2129.196036 
99.233639 -367.179396 2097.801692 
256.880806 -478.858570 2863.007470 
-448.060249 51.124296 2837.547633 
434.491306 450.554256 2314.671872 
-24.782997 -471.693301 2664.499280 
390.827386 -330.813406 2987.520083 
153.791138 62.522918 2669.130302 
-438.223112 99.529342 2369.260874 
-85.066993 361.447930 2368.476446 
-103.792711 455.312510 2739.233782 
-265.429254 456.588664 2692.903055 
473.200647 -53.024826 2600.467705 
-402.690130 40.723926 2470.978801 
412.432733 397.877459 2193.355902 
-406.850044 38.785263 2996.049158 
-358.778837 -129.230352 2509.645641 
-224.280325 192.356125 2659.063433 
-405.981281 267.859352 2914.322442 
-439.692776 119.740565 2178.844408 
-93.748527 -162.192653 2709.030371 
476.713102 -90.369536 2654.776563 
379.182797 -171.662745 2650.115670 
112.205766 190.394522 2625.162244 
-434.918235 440.290368 2307.909277 
-357.681095 309.650129 2913.659311 
376.068401 392.431076 2790.417360 
-263.377611 422.590186 2579.687106 
-213.673091 71.671211 2654.776057 
95.622282 268.567771 2290.753257 
-225.654475 -71.775944 2532.843816 
136.762444 -400.302146 2948.297802 
-400.985226 347.907977 2539.904709 
-22.460907 202.718702 2482.425692 
-334.531393 -132.858414 2115.803577 
-122.224748 -413.017341 2922.127214 
70.674243 -363.104855 2669.489958 
162.035834 -52.167172 2488.071226 
-44.363480 -358.603491 2104.148646 
-337.421984 -194.409179 2237.258724 
-182.123429 245.610852 2439.102894 
-358.320450 110.830014 2401.426045 
-275.465529 -28.406669 2046.418347 
390.190093 349.288872 2069.163372 
366.007220 58.959136 2446.690062 
4.622502 -454.594216 2905.076579 
356.282277 395.719111 2461.350509 
-337.153879 272.476297 2221.860388 
203.298354 -134.675548 2985.566525 
-125.190369 -4.266989 2203.767585 
81.914139 6.423306 2286.712274 
22.835398 -497.245219 2679.462971 
152.349066 -102.108500 2706.484703 
-209.296724 315.946404 2982.252068 
161.456773 225.744937 2382.641537 
32.883219 -190.577269 2627.685013 
70.198268 288.259626 2731.542964 
-185.797219 119.063036 2420.776451 
-17.788564 -451.861663 2707.944312 
-58.352515 122.833369 2582.228661 
-468.007662 -135.098189 2563.996511 
440.415174 30.945551 2017.338846 
-184.401067 -154.790317 2206.428189 
395.544231 -423.080601 2313.217635 
-312.681061 -41.846030 2646.693358 
333.230616 -64.178160 2869.862548 
463.929002 443.427955 2879.195164 
-88.633295 464.969257 2446.138135 
-19.017311 -132.229870 2244.210864 
251.973124 244.569052 2729.647789 
435.035223 479.144456 2791.908947 
180.478712 -43.597020 2182.551934 
300.991526 -269.820867 2852.960583 
-236.101111 -223.368998 2662.428720 
246.215766 -106.049525 2236.706247 
-139.828836 333.712306 2346.894789 
-4.341029 -382.187262 2544.484033 
-155.893193 -328.605873 2033.219041 
-493.083381 -224.872780 2956.419317 
297.731335 491.886650 2153.540461 
-98.149135 -286.710318 2740.024568 
-89.814253 220.456990 2942.641086 
275.149003 -350.985733 2726.132636 
-130.402124 253.099034 2091.206861 
67.507863 435.950342 2398.976304 
348.488487 -286.061782 2014.611953 
412.957250 -124.594444 2854.711271 
-359.353634 -327.586145 2391.482773 
-55.837451 82.819154 2941.378032 
308.964030 390.319503 2336.820855 
-431.882552 385.630548 2342.079915 
-59.513856 -277.089523 2888.496351 
292.655565 -105.198656 2168.610720 
-414.515642 -180.064672 2516.696922 
359.901193 -370.219565 2250.080076 
-333.144942 4.623383 2552.289129 
-211.742127 -240.238434 2709.164962 
-442.182598 -293.277866 2142.941161 
-97.261462 -84.078503 2342.564655 
-23.870198 -350.373784 2869.301620 
138.897095 -315.314425 2014.745044 
245.392077 413.671524 2814.776437 
-146.568429 107.828785 2610.659579 
55.367443 378.219657 2872.737506 
350.969336 366.676544 2386.702149 
7.571057 -107.219195 2456.863973 
-224.284759 -23.479820 2467.045228 
370.706562 -383.607551 2783.942377 
10.584663 329.286016 2347.328067 
77.296393 -153.687348 2457.210224 
-91.240489 -37.827610 2953.897918 
86.852620 348.686100 2966.114624 
317.183812 -411.146158 2841.192364 
-150.821246 -416.962598 2408.529296 
37.959358 41.914222 2424.647856 
145.529330 -62.401576 2451.039765 
-349.763725 205.226973 2789.568727 
-159.416002 -197.406867 2431.913207 
196.936252 -458.513018 2320.436679 
-313.760823 51.246361 2702.454613 
101.244421 256.321641 2875.927439 
-45.715986 -165.167080 2805.346977 
-494.476980 329.179868 2104.951426 
58.982787 -324.809528 2640.848212 
262.631418 492.177346 2740.355703 
-59.249543 40.252893 2464.323762 
376.322661 -4.602574 2284.126696 
-46.447231 -286.883807 2220.800925 
290.572529 245.419204 2629.566193 
116.419588 203.616839 2357.870270 
-8.230676 170.664216 2577.184034 
181.315656 -316.810665 2213.348586 
-149.844110 -324.073372 2755.819312 
183.136024 -174.703947 2362.795571 
403.488129 13.320792 2695.042450 
-430.378072 -400.654063 2023.252055 
399.685267 -89.318944 2785.979611 
-340.491244 -324.896096 2744.618081 
-327.782458 -253.871322 2433.206136 
73.178785 9.939499 2744.968092 
370.795327 366.939724 2781.519826 
-270.097768 -321.726280 2909.487815 
-465.697295 -452.497568 2555.084736 
49.617074 7.093744 2804.946532 
-252.538238 10.468267 2238.248026 
-119.717782 -483.555945 2008.518198 
128.724891 289.075321 2399.579420 
-288.126807 431.009015 2661.705547 
-161.799383 270.989859 2649.197425 
-352.285014 423.032433 2853.798808 
-302.233149 399.777903 2264.186114 
255.753149 -329.362271 2559.825865 
-340.933626 -476.246749 2941.533372 
-322.669551 -470.164098 2319.742191 
-332.881128 446.081947 2614.609785 
421.638967 -6.445347 2730.072676 
161.038269 5.192599 2123.254600 
-491.984177 38.947125 2981.501257 
-45.810617 397.645394 2192.580375 
311.689243 373.378255 2747.882360 
-316.507348 -147.488963 2894.872715 
240.222773 432.448168 2895.989280 
-264.922886 69.645368 2418.135901 
7.405221 48.546310 2685.785807 
-264.703661 -1.131457 2976.547719 
-353.670910 267.110720 2045.499124 
-356.014265 -442.866336 2284.133563 
-456.746434 118.516214 2492.627616 
165.508110 117.970277 2819.578745 
-139.479269 -15.286675 2497.438482 
-354.029517 78.456878 2344.430958 
135.311213 54.372984 2604.854008 
-451.632483 208.879016 2513.040935 
-390.940696 473.354338 2950.968263 
-38.467018 -307.478788 2821.390150 
78.567200 -439.739582 2070.613015 
46.266628 -125.157961 2071.006413 
174.436331 69.678790 2745.538548 
129.273449 169.839123 2669.503155 
-0.978944 368.884986 2977.995547 
64.192786 290.203130 2212.318129 
-116.597756 290.627404 2418.385910 
-333.604381 -325.602190 2568.833055 
286.563028 -193.580455 2882.514854 
-284.941816 -374.652197 2004.472866 
-250.725774 343.153133 2286.974766 
-40.276050 -306.623918 2914.838739 
-157.664421 74.487665 2694.463478 
-256.934248 355.648768 2802.363311 
-42.584143 237.467612 2185.797343 
-4.496201 -139.090681 2790.770208 
362.421090 145.768554 2273.515392 
-218.718719 -282.201824 2369.067328 
471.849309 261.774382 2609.027923 
-357.541841 -433.935301 2853.485105 
443.094117 169.485892 2643.573101 
267.679704 -436.606750 2501.029010 
-193.161772 -218.454186 2409.241582 
-256.113609 283.518031 2364.644984 
-362.522468 220.182401 2970.596334 
46.290604 436.414985 2865.272980 
-329.898741 -497.326111 2005.712868 
362.421492 -166.895284 2004.034669 
-394.747756 -14.942465 2153.311881 
341.195813 -160.824606 2791.588541 
-358.373348 47.067377 2149.025855 
241.871879 -183.279457 2748.996728 
408.632294 -78.417277 2700.587187 
-259.728636 264.486938 2818.939202 
-457.188476 -85.883498 2150.864293 
-366.810869 453.938332 2126.169630 
-424.015280 -190.434326 2149.726380 
-392.863731 386.590221 2321.936530 
-132.511127 -213.513514 2996.324248 
324.794862 -22.762409 2606.158131 
-195.244863 104.313945 2598.449177 
-469.131141 99.546386 2547.891092 
-264.976156 248.401096 2124.738710 
-349.041245 22.220955 2012.842184 
180.848793 -449.425049 2016.175010 
-231.403194 62.738978 2090.616767 
-424.196691 268.160670 2962.053841 
336.745898 366.518283 2650.337599 
-41.610960 -16.089346 2529.282662 
175.741882 28.108803 2233.993836 
467.463625 66.877999 2760.465966 
-479.931803 71.238549 2525.282505 
192.393904 -370.681386 2774.985936 
-98.576330 -465.092101 2507.035355 
-493.194498 411.443062 2724.489443 
-206.199772 259.267077 2564.109584 
481.175669 65.738417 2788.678450 
-400.942900 102.956301 2267.956796 
-341.102502 -21.721069 2589.143673 
318.538598 -425.414781 2937.831224 
-210.494839 143.890877 2622.613344 
353.485489 -98.621955 2184.352667 
-454.915422 63.308201 2417.699604 
-453.443157 390.616977 2369.221774 
-311.027425 303.371974 2284.330100 
-69.473045 274.345351 2468.748214 
350.241644 81.198133 2411.061345 
159.989717 -336.450432 2250.321299 
424.604609 -439.942972 2042.540662 
-273.791909 35.165922 2199.027024 
100.050126 -452.117220 2267.809259 
209.953217 94.774769 2544.881658 
146.666314 226.690880 2468.808351 
385.671648 215.979795 2778.047871 
-161.509195 -446.230813 2944.384311 
-76.601414 233.322503 2390.358398 
-381.170190 141.272602 2404.822371 
-152.364583 -324.025028 2461.389399 
-65.436153 70.416683 2007.866879 
-462.197490 338.159479 2930.877679 
-63.450148 -60.980525 2377.535392 
-21.607367 -480.115985 2237.017142 
100.063193 -25.560019 2291.474558 
322.333520 -350.472266 2414.900931 
21.537572 67.055468 2267.429341 
255.741439 169.809500 2155.482515 
-323.587009 486.452451 2061.056246 
493.676706 168.040010 2008.962347 
118.225612 -2.440103 2479.616324 
9.487345 -455.737583 2621.118429 
297.043279 -441.375414 2037.344970 
-492.559403 242.139475 2847.219795 
-83.027735 -122.274750 2091.199865 
162.669110 -86.474221 2211.819239 
-238.646217 373.972525 2277.807994 
-329.100126 -60.538152 2942.328879 
456.872297 334.003353 2871.802802 
178.845955 -405.297049 2659.015581 
-189.923112 300.862993 2128.050524 
-415.519012 383.534747 2914.987519 
147.879066 342.641301 2122.067214 
-9.274193 -251.826195 2169.455253 
59.011775 -231.996916 2318.684738 
402.688640 392.433312 2580.999006 
437.035182 -338.712973 2661.855862 
327.801755 316.804531 2015.551937 
308.564686 -343.335381 2652.591563 
165.313436 252.824407 2201.077906 
101.336510 297.425152 2832.151038 
-106.826707 333.758047 2353.027871 
-399.459277 430.078528 2578.297511 
-120.539167 -475.345568 2866.212966 
482.676390 -400.501386 2574.458117 
255.133561 84.166562 2538.957969 
394.510325 -241.571147 2632.730458 
-189.953999 -447.197667 2768.019222 
-237.274358 6.404277 2383.407639 
-241.746026 -307.218473 2333.759507 
362.332191 186.876365 2360.581693 
242.354654 -448.015004 2613.579855 
190.941656 -184.434190 2917.218651 
-189.536390 -125.620251 2207.679115 
18.196703 50.934515 2010.144886 
-118.837557 278.233004 2195.314656 
246.184095 -445.111540 2595.142900 
347.571827 -151.246432 2677.685727 
-399.645949 33.844829 2037.984726 
-81.595770 378.346989 2551.310133 
405.134655 -457.739205 2767.685297 
-24.102394 159.919322 2100.435207 
-49.147241 -17.137485 2943.295923 
38.371850 458.899813 2351.205195 
-348.142409 -176.427804 2949.843248 
-79.654549 -174.511222 2755.884487 
-178.887422 80.502580 2260.100350 
-361.843199 453.264023 2518.407982 
298.751826 367.490716 2708.637285 
-329.959089 -438.531023 2231.679759 
-60.959920 355.482370 2476.318760 
-145.997892 4.696623 2836.108652 
-85.536682 256.450628 2456.883132 
-329.171348 324.611021 2498.753675 
217.653272 -200.555104 2649.817075 
-362.151012 -240.429585 2872.455542 
58.771141 -440.897872 2906.872585 
291.907770 -193.904248 2709.681481 
-0.497440 393.932796 2000.772306 
-452.100481 338.919058 2224.972672 
237.312970 128.958628 2573.798168 
490.124310 151.118131 2396.829753 
-36.887699 75.003989 2778.694909 
191.787554 -97.867623 2153.358022 
-297.646100 -221.217739 2876.712086 
-6.505391 253.566589 2013.061775 
434.571890 197.430513 2620.390066 
402.336836 -415.121662 2807.088585 
428.229018 440.159068 2349.012102 
-344.671686 -476.461347 2758.653421 
-458.389560 -468.530852 2461.727917 
333.018246 -229.146667 2677.209308 
-467.702629 -201.298007 2431.693835 
-336.649863 -50.227883 2263.672191 
-456.778317 -142.886558 2295.953256 
-422.893730 -321.520438 2897.055230 
127.603731 148.768733 2658.638041 
-226.443262 -293.011814 2414.646750 
78.011087 -159.109372 2655.096991 
-205.778211 180.711490 2507.842029 
-408.243033 -170.298693 2209.903308 
-419.811423 328.604239 2785.931753 
-489.156513 -29.001383 2242.975391 
94.431634 291.063980 2224.518759 
-98.305047 184.821657 2626.854288 
306.338297 -234.032299 2433.056970 
88.625222 215.584267 2504.470065 
-59.964106 470.797276 2171.626309 
-299.162855 -345.518615 2193.120712 
186.431106 377.173315 2816.690315 
-233.566973 -268.209550 2406.160550 
112.842381 98.737150 2265.833060 
15.706928 -426.780626 2499.826342 
-173.899136 194.575534 2433.029058 
-459.514232 31.823782 2082.686567 
-358.777041 -458.818429 2488.793079 
82.549425 106.483522 2852.797134 
-357.874178 -470.381530 2162.534952 
-83.626591 416.937322 2446.408493 
456.525230 236.496454 2599.727009 
241.945962 185.628352 2866.039992 
282.900896 -435.411866 2778.359144 
51.643714 182.108185 2683.327536 
-301.656544 -197.904976 2664.103168 
-352.332035 -399.578004 2824.095393 
-20.214632 378.339858 2851.426678 
-405.769732 204.768225 2784.749755 
-493.357049 191.066756 2610.224418 
245.979646 340.797200 2025.929922 
-37.606297 -252.901542 2604.408088 
-391.690201 -401.197566 2154.999784 
425.139410 -481.597409 2658.814714 
433.242199 147.334407 2988.844992 
482.513949 -151.269534 2067.116450 
261.358843 -161.113612 2712.569068 
46.574598 98.006293 2756.835778 
-154.160219 -352.460847 2374.713207 
166.431292 -350.664561 2103.366958 
377.929883 381.635468 2450.257380 
-310.678659 174.236421 2004.989534 
82.962389 398.703963 2252.008863 
-433.927897 -44.009532 2347.067921 
416.656264 447.929648 2665.313667 
-457.644250 -226.313075 2721.503021 
-23.990918 -63.128606 2836.900701 
340.134719 -255.826601 2685.189314 
410.702937 -362.841490 2661.066546 
82.997601 55.095030 2633.802872 
-379.683081 -89.376913 2719.070295 
380.336120 -270.020689 2771.171802 
322.316697 -54.863884 2905.550575 
205.080166 256.237605 2837.339085 
219.119469 -18.356628 2596.840711 
-468.786256 455.561631 2035.444379 
138.680857 -470.735047 2818.178627 
-334.313936 90.146243 2904.228397 
-193.816821 -10.971284 2320.446095 
411.166324 431.846726 2221.553872 
269.633889 76.754858 2513.356194 
107.894864 -463.141512 2399.034705 
-58.720895 363.038118 2057.324564 
498.562253 -378.963526 2958.940963 
69.824253 121.747418 2419.399135 
-499.956588 320.345980 2337.970000 
94.346815 197.167621 2352.316246 
146.432130 444.759402 2635.703756 
386.199815 108.145125 2384.881977 
493.775072 -314.156743 2146.741503 
286.061925 423.616839 2535.747053 
162.822509 37.100316 2126.524791 
179.865807 -121.785927 2273.912576 
93.632901 221.746432 2196.632697 
20.010853 234.130027 2887.734290 
473.930877 56.359086 2920.028255 
-216.578588 -272.962346 2726.162879 
64.006240 -140.419419 2963.404385 
337.578465 -368.115554 2373.532048 
66.437993 -31.586588 2758.202475 
493.642752 -472.702884 2400.292625 
396.389036 -289.416411 2487.525414 
-161.102100 -145.270539 2987.721729 
117.894471 -143.660159 2025.381206 
16.768172 435.077999 2273.042134 
298.012447 107.641592 2031.026714 
-177.825163 272.096247 2919.827157 
240.737121 -213.921492 2909.315764 
464.679082 -219.798065 2149.296749 
-299.801879 -433.816364 2272.615722 
-406.745686 -287.827260 2502.235830 
468.563082 -22.214815 2640.112645 
-29.366393 -327.044532 2528.126093 
-376.940642 -309.931562 2737.514304 
14.043759 358.101128 2599.635964 
440.000940 -355.281736 2293.370521 
-328.291959 458.022257 2851.475601 
442.855616 -193.812755 2223.293098 
468.741589 -195.540173 2994.332750 
-117.975786 -337.255765 2049.497084 
177.778959 19.111665 2983.383070 
-310.263319 -243.092244 2007.063654 
65.876153 259.295378 2413.425867 
146.624740 -374.878639 2172.743072 
-356.219178 492.630544 2496.745387 
127.404565 278.794966 2942.730884 
-156.192516 -394.553126 2425.178548 
-155.792196 401.884301 2604.394037 
133.715921 -381.335153 2263.613564 
-305.529404 -367.507795 2088.559958 
132.740980 167.062203 2926.171075 
445.706737 -67.786289 2162.888511 
-377.380253 161.596683 2568.558442 
-470.985706 -310.214171 2595.556869 
-59.520784 120.810284 2643.096614 
-431.315218 -226.082365 2452.155032 
269.209434 470.357542 2728.202876 
435.828257 375.238410 2298.176262 
