201.7208 318.4522 2612.1006 
372.5014 -25.5673 2844.0296 
123.9182 458.0399 2694.9454 
464.8089 -41.9770 2575.7305 
-316.4442 -54.9442 2399.3139 
-190.4706 -102.2302 2499.8930 
462.9544 353.1475 2782.8607 
-178.2306 -188.3585 2427.8487 
-57.3005 75.8597 2975.8073 
-224.1359 165.6704 2985.0283 
259.7143 224.0732 2811.5820 
-56.6681 131.4210 2006.7191 
-198.2666 -21.5175 2634.6154 
-58.3959 -363.9758 2610.6253 
61.7101 -145.1424 2183.6647 
-13.2951 272.4100 2749.0577 
50.0091 -143.8803 2422.9367 
-488.4442 -203.7357 2383.3806 
-75.6558 158.7785 2612.1346 
232.0112 -142.1813 2614.0059 
-336.0250 283.1610 2819.2432 
259.3237 327.4125 2534.0824 
-417.1971 -10.2794 2010.9394 
-344.2070 400.4013 2595.9968 
-325.1654 24.6396 2376.0524 
-366.0005 316.9849 2066.4370 
17.0426 483.6158 2166.0228 
135.9317 412.6772 2901.0966 
-11.1773 -120.6282 2673.8276 
340.6657 -17.5169 2201.9470 
95.4555 -330.9159 2534.2329 
388.3066 75.7144 2269.6808 
-395.4471 72.3207 2738.3722 
270.7448 -34.2909 2793.4246 
-222.8918 470.8882 2603.3834 
-76.9532 54.7822 2109.5927 
86.7813 389.3028 2646.1783 
-426.8731 -205.9755 2720.2507 
-458.0518 -359.9280 2375.9128 
243.2735 240.6462 2131.0742 
70.6027 -51.3250 2002.1385 
127.5113 -41.8994 2309.0221 
359.2568 349.5180 2400.5836 
-91.9787 -354.3647 2129.1543 
34.8248 -284.5477 2373.4680 
-227.6996 -74.7670 2532.0852 
231.1556 324.4238 2868.6829 
60.8110 454.0499 2815.5913 
-31.4355 157.0307 2834.9796 
406.6291 164.2799 2262.7041 
120.9129 182.7663 2191.3380 
-471.0123 385.0745 2922.0331 
98.2019 -477.6519 2315.6847 
-145.4649 172.0062 2787.5455 
217.8835 -427.3190 2933.9555 
-261.6923 81.5362 2116.2250 
404.8855 393.1810 2227.3163 
132.5496 -406.4914 2702.4920 
-335.3126 32.5260 2663.6003 
113.7888 -31.9125 2535.6401 
-170.9401 367.7821 2847.9669 
162.2549 287.9203 2862.8831 
204.3512 269.2099 2032.4002 
-58.5213 -243.8448 2745.6195 
-108.4081 27.3756 2789.3861 
-179.6374 9.6149 2181.6389 
-212.0495 -298.9039 2077.2306 
197.9953 0.7610 2990.5911 
-190.0038 -137.9019 2572.1982 
52.9367 -30.9351 2831.2597 
-455.8569 -256.6611 2937.0870 
-221.0261 -103.6233 2998.9018 
486.1109 394.7191 2173.8325 
-111.7352 97.7087 2398.8969 
319.0376 -248.1890 2762.8291 
148.6832 -327.1294 2947.6014 
-378.9015 136.7169 2365.5358 
85.2571 -300.3802 2594.9013 
170.5143 -298.0829 2695.6485 
-253.5164 -383.2738 2962.8502 
156.1377 238.8085 2385.8346 
-472.3228 460.4713 2712.1697 
-67.7758 -361.1898 2929.1754 
333.9340 421.7173 2918.8319 
-466.2177 244.6952 2121.0628 
343.3937 -163.7202 2158.4326 
24.8300 -386.2027 2120.6452 
230.1786 -123.5395 2340.7103 
52.4841 -468.8647 2136.7605 
-8.7410 -164.8241 2252.4209 
175.9310 89.4764 2196.6216 
459.6141 129.4111 2505.0751 
383.3339 -487.2581 2940.4240 
-229.9999 -266.8454 2776.0775 
454.1832 -147.8606 2364.6944 
-66.2105 490.6264 2769.7809 
-455.7017 -111.5537 2967.9805 
92.9890 330.7684 2856.4238 
-188.0387 82.4896 2384.9785 
499.9102 -181.4989 2314.4743 
-394.0519 -95.0638 2316.7035 
36.8677 114.9689 2441.0313 
55.0402 23.9598 2565.8769 
-446.6246 -393.0373 2079.5057 
113.9388 -138.9719 2290.9334 
-84.1366 24.3152 2454.0666 
50.5702 -376.6896 2853.2551 
432.2853 -484.7739 2269.5392 
18.8621 150.6416 2080.9153 
490.0075 -421.2202 2468.0616 
-167.1638 193.6975 2333.0946 
-37.5082 -498.4492 2309.5192 
-87.8634 -154.4293 2301.2928 
-104.9220 484.6458 2969.5134 
-446.6633 -355.0729 2316.8306 
-172.0991 349.7365 2359.1064 
0.3118 367.2199 2424.1585 
-172.4178 -297.7749 2398.8470 
96.9575 355.9971 2118.4342 
318.5391 33.6736 2852.2681 
-343.4600 -455.6025 2247.6746 
121.9257 232.2749 2227.3689 
-364.8840 -426.9083 2508.1946 
304.2985 239.7978 2900.1821 
499.3743 -456.3237 2438.7664 
-85.6713 233.8065 2803.7387 
385.7275 -22.1574 2007.0913 
-8.8126 230.4968 2552.4315 
236.9559 -339.9752 2026.8574 
-209.6586 -256.4068 2522.7114 
-263.8341 231.6882 2947.5239 
350.2700 489.3289 2542.8038 
484.4092 396.6511 2326.6522 
-226.4114 -322.6743 2254.5355 
481.8666 32.2064 2865.5911 
-275.0715 -50.9369 2265.6900 
276.3524 153.1597 2313.9914 
-376.5292 -401.2682 2171.7061 
-189.3803 -318.4248 2355.8799 
-103.3303 448.1198 2939.7471 
336.7900 -58.0347 2197.2510 
473.8722 46.1338 2150.7098 
-359.0896 -3.0337 2348.5743 
60.8485 -26.5765 2088.5579 
-247.7248 148.0870 2061.3691 
311.7971 -440.3987 2445.8331 
106.3463 296.1383 2920.5955 
162.1240 -149.3240 2342.1990 
447.4961 28.9173 2067.1813 
348.4785 -43.3421 2561.9718 
-385.5095 451.4275 2383.7404 
451.0676 155.0214 2793.3217 
357.6847 -164.5475 2793.8337 
229.0398 -385.7023 2300.2728 
-314.2526 -265.4021 2554.5370 
-140.0236 -391.7968 2535.7106 
-79.1115 -292.0838 2288.1519 
-427.8068 -229.8458 2644.6949 
55.7774 48.0538 2635.7732 
211.4514 23.6619 2351.8310 
-177.6483 -499.5923 2917.3984 
411.2386 -418.0066 2801.8612 
327.4156 -494.6678 2733.9997 
-253.3456 257.9202 2769.7891 
324.7992 426.5493 2394.2715 
-25.6831 273.2284 2063.3305 
43.1884 217.3132 2898.1009 
-1.5629 187.3859 2899.1200 
-16.4433 -298.0507 2207.7626 
-148.5040 -25.2715 2734.8599 
485.9068 -403.9041 2155.9102 
57.5634 -426.0694 2665.5771 
-285.4332 142.9385 2870.0615 
272.2697 -109.4106 2145.9163 
150.6003 154.4403 2454.3577 
227.4158 308.5905 2556.5362 
-309.9949 44.9488 2267.5345 
23.5823 86.6251 2082.1840 
-247.1709 -258.6324 2175.1271 
179.2699 -348.3008 2210.0275 
481.2553 -237.6137 2248.0697 
420.2226 -90.4109 2812.0409 
191.4882 179.6473 2954.0707 
-102.2598 52.3023 2935.0560 
-213.9324 490.4880 2234.8745 
275.7735 361.9435 2344.7930 
107.7425 -162.6162 2418.3746 
-276.4747 242.7700 2817.1894 
-478.1137 -438.8076 2567.8074 
-406.0522 415.1035 2010.0407 
454.3712 -368.6316 2153.1910 
-148.5594 380.8246 2827.8225 
317.0656 51.4464 2696.7703 
-417.2401 -297.8576 2478.2955 
-371.2120 160.6639 2386.6379 
395.2782 211.6176 2560.5154 
-367.5855 276.3661 2532.4512 
480.5732 233.8416 2001.7158 
384.0302 -150.2212 2786.3728 
-203.4517 -72.1647 2201.7125 
-362.4777 -142.9762 2541.4066 
-279.1996 357.3538 2245.9463 
257.8170 345.6026 2760.1331 
104.6055 -191.6827 2377.5722 
-268.4746 221.2443 2397.0636 
-103.2772 475.3533 2644.1505 
315.3460 -174.0278 2584.1550 
-238.4729 485.8372 2905.3339 
364.2416 -201.9184 2152.0000 
270.8953 229.5974 2890.4966 
-44.8387 196.5038 2971.3851 
-170.9837 -172.9136 2237.1055 
188.9621 -434.2823 2334.5250 
-157.3156 240.7055 2726.3306 
-350.2494 -79.8085 2914.1281 
448.4018 437.9517 2869.4181 
241.6036 -386.4986 2375.7217 
-333.1085 10.7044 2646.2233 
-138.4572 -465.1613 2202.2457 
-448.8850 385.8729 2591.1546 
-195.8149 78.7114 2458.9122 
-77.8250 316.3138 2446.8734 
419.4259 93.4158 2119.4990 
-186.8698 -255.9291 2245.9181 
-119.0970 246.3879 2703.6782 
447.1582 -234.5592 2475.9095 
413.2910 392.0816 2435.2177 
242.7523 -86.1085 2382.6686 
-290.1289 -329.2731 2599.1163 
108.3659 231.6718 2086.1129 
-359.5383 63.3088 2045.7661 
-129.6862 -181.7950 2103.2572 
405.0447 -266.4793 2425.2027 
-151.0776 281.7435 2846.0967 
-296.9215 420.3799 2142.3482 
-405.2472 284.6506 2455.6487 
-233.9088 195.7769 2543.2304 
342.8787 486.9368 2776.0528 
-146.0813 -485.6100 2970.5302 
279.3362 -415.6870 2381.1225 
-247.6764 387.1797 2480.5729 
181.1170 -485.4291 2289.7832 
-153.1417 -459.3098 2211.7225 
-145.7897 217.1919 2620.2439 
27.7936 -120.4267 2072.1531 
-273.7833 -143.8634 2291.6783 
465.2934 238.3373 2238.2457 
-433.7122 313.9998 2355.6172 
-169.4210 489.7618 2298.1730 
-493.2946 -269.9354 2214.2455 
-450.1142 -439.4137 2434.8669 
60.8770 287.8699 2699.5031 
-221.6937 445.3735 2013.9093 
137.2567 460.5925 2711.5084 
481.3966 -239.9402 2717.0581 
-152.6260 394.9759 2780.3431 
360.5660 -101.8473 2072.1954 
9.8789 134.3674 2485.8460 
-474.0742 157.9846 2355.2005 
27.1432 -184.2735 2048.6089 
410.2049 189.1947 2244.3261 
356.0368 223.9618 2847.9268 
-206.8676 493.8068 2949.3825 
-378.2216 397.0678 2128.3913 
-412.0795 90.2139 2148.0006 
-359.9855 -319.9390 2000.5961 
49.7835 453.9901 2273.6550 
-290.6452 -158.5844 2579.7634 
-4.0291 -200.6180 2351.9128 
182.3561 439.7601 2464.8125 
259.2140 -469.2527 2119.8691 
-212.7283 -370.9355 2115.9073 
-480.9305 -244.9167 2971.6064 
259.5821 -14.0005 2007.6861 
474.6241 -113.0568 2668.1878 
274.0072 177.7743 2335.5583 
112.6327 204.1858 2387.7509 
-287.9935 491.1588 2157.5298 
207.0803 123.3670 2848.7890 
116.7382 83.6003 2498.9129 
-457.1557 301.7554 2606.4245 
-381.5185 326.9396 2697.6694 
249.3963 169.3729 2764.6227 
64.8904 138.5578 2011.2307 
-471.6600 495.6114 2545.0398 
42.4663 -47.4348 2921.5670 
85.7003 -77.6797 2956.3318 
339.9140 -244.8458 2392.3776 
57.6446 493.5781 2952.8264 
-262.4617 -31.3794 2510.7147 
-165.9243 -266.9044 2569.7406 
-390.1365 -305.7242 2072.9981 
-450.4535 -325.8443 2332.2696 
-372.2067 -111.1466 2740.0881 
219.0879 -300.0658 2164.2951 
-100.5766 114.1024 2792.3772 
426.4008 -290.9089 2728.3265 
-478.7082 97.8117 2506.7964 
-28.4970 164.4064 2480.4150 
203.1862 -380.7819 2555.1374 
-335.2733 -439.1869 2056.4803 
148.7294 242.3825 2738.4827 
428.1559 175.0183 2821.2405 
-125.1489 331.0887 2067.8666 
495.4925 8.1520 2034.1604 
439.0264 -111.2419 2923.7005 
312.8472 251.4225 2595.5961 
-470.2815 229.5935 2678.8487 
-403.0887 322.9014 2328.0627 
-13.8534 197.8498 2942.0276 
109.4615 156.3572 2484.5428 
146.8095 417.5302 2553.6587 
-431.6336 171.4720 2448.5394 
251.0174 325.0145 2197.7331 
-175.9150 159.3178 2243.6362 
-116.4599 -154.9883 2668.9313 
119.4166 231.1080 2685.6026 
170.7854 167.3305 2184.8735 
-452.5569 -415.0306 2728.4977 
223.8862 415.9252 2914.5039 
-176.8915 427.5723 2590.2378 
35.4017 -389.3095 2441.6890 
-269.3444 431.9107 2897.6912 
-199.3195 388.4464 2279.6632 
275.8217 380.3506 2139.3553 
-285.5832 -62.5490 2977.5337 
325.3437 211.0903 2721.4184 
-85.9773 302.0031 2847.7811 
-50.7956 -355.6228 2548.6192 
-332.5120 -117.9542 2192.0977 
73.1753 5.6449 2924.6503 
202.7225 -406.3928 2601.0234 
348.2514 -114.2169 2060.0936 
-427.5197 -107.2246 2762.4764 
268.7251 275.5924 2910.2363 
-325.4695 424.6707 2424.8814 
-60.7306 177.4466 2548.6967 
-379.7867 -58.4433 2929.0734 
4.0609 207.9260 2599.9625 
165.1217 -334.9037 2594.7326 
86.5048 -184.2007 2716.9837 
318.8478 369.4178 2530.5880 
-307.7333 480.3577 2181.4727 
-80.1721 -327.4858 2920.7112 
342.7858 174.2738 2148.5631 
-20.4376 104.9067 2338.2260 
-377.3923 217.8044 2698.9151 
-261.9169 150.5788 2605.6780 
-388.6836 115.1435 2097.4740 
-239.9912 328.4589 2069.0484 
247.2097 -302.2914 2758.4878 
212.2014 -90.0712 2659.8550 
-350.8634 163.3919 2093.9017 
6.4611 -23.4046 2068.9808 
-263.4025 -148.9577 2011.0487 
-380.5608 437.1647 2425.2092 
-128.7936 -406.5672 2721.1380 
-365.2696 -147.5063 2609.6425 
30.7202 -136.3073 2890.4799 
92.5585 434.1453 2757.4121 
158.9252 315.3575 2565.7491 
71.1817 348.2321 2681.9917 
-397.2905 -298.9038 2121.0604 
438.2593 313.4859 2669.7307 
-77.5755 479.7974 2066.1211 
83.2538 250.9514 2357.9309 
211.1654 -7.6562 2896.4256 
-388.6534 -391.2943 2517.8374 
-247.1867 -116.3291 2363.1504 
133.8551 -81.7515 2524.9863 
-9.8546 -163.9480 2042.5026 
-188.1740 -99.9676 2290.7985 
475.3601 -170.0659 2649.6469 
-108.0137 -143.1201 2732.1401 
-116.6674 150.6935 2646.6216 
-136.8142 151.3165 2503.4071 
425.4903 206.9897 2749.0657 
-415.8675 262.6868 2326.6139 
73.6329 210.6721 2240.0285 
81.2336 144.1866 2136.3193 
87.1428 -257.2469 2632.4680 
-123.4846 419.9471 2119.6294 
349.7794 340.3733 2919.3319 
96.7982 345.3273 2213.2480 
-477.3297 -317.2561 2957.8448 
-139.1487 340.7976 2719.8865 
-399.3543 -21.2684 2023.9922 
235.2518 -108.0175 2298.9780 
-443.3484 358.6602 2859.3530 
220.8729 -93.6009 2691.8549 
116.1448 -137.4749 2545.1769 
184.2082 -102.1987 2528.8000 
-323.4238 106.5544 2987.2013 
425.4385 180.6389 2726.7453 
378.1107 73.6744 2133.7940 
-168.1854 84.5085 2159.3631 
245.7519 -319.4167 2176.4361 
-432.4601 -446.0492 2122.9531 
389.7747 -389.2494 2864.0692 
-148.6431 0.1550 2553.6012 
129.0726 206.4069 2981.9991 
-2.8056 200.3603 2725.1175 
227.9540 170.3879 2204.4961 
-360.7956 -215.5673 2441.3099 
360.4308 177.7901 2670.0550 
235.5513 -426.1184 2502.0110 
-92.2807 -101.9445 2704.9157 
-56.4377 -445.9810 2219.5239 
391.1193 275.1735 2170.1828 
431.9369 -184.9795 2933.5034 
-196.7804 -222.6805 2600.8276 
-196.9302 -178.3348 2456.0018 
-314.9010 -260.7601 2980.7597 
485.6756 -6.1278 2491.5350 
-224.8005 -270.5650 2043.2049 
361.5460 -446.3590 2601.1732 
128.2632 -127.2972 2608.0239 
-411.1601 -271.8098 2479.7349 
-353.6440 -467.1249 2836.5578 
-235.4271 237.5925 2379.1121 
-370.1321 239.3444 2261.1079 
84.3310 -118.6418 2413.3348 
-339.9146 454.8478 2982.8339 
5.4018 199.0934 2798.6580 
448.2384 445.0083 2839.7852 
-477.5983 -228.6244 2047.6613 
341.6359 -385.4099 2526.3110 
-317.5386 384.3864 2442.0970 
-218.1884 -153.2076 2446.3408 
-467.2349 429.3185 2349.8402 
-474.4923 -110.9245 2822.9597 
71.6113 473.4032 2516.6184 
-74.8300 458.4518 2330.0155 
-444.3519 417.4311 2777.7531 
-13.7585 310.4538 2462.7250 
498.3440 407.0370 2183.2590 
-263.0112 -363.3838 2672.6352 
-14.6122 180.0561 2237.5568 
156.8588 450.5886 2295.1644 
42.4138 -295.3563 2022.7456 
-344.8989 3.4750 2815.2302 
-27.0537 380.6911 2308.2718 
-224.6147 427.2623 2557.8106 
-12.1451 -472.2887 2392.3806 
491.2237 -215.8892 2171.7933 
-410.7798 462.2846 2183.9741 
236.7976 -499.2593 2335.2851 
376.4868 -260.3954 2607.9264 
84.1437 -49.6550 2064.6522 
323.1637 -113.0664 2722.8212 
260.1951 -412.4739 2757.1264 
57.9998 -35.4748 2443.3469 
327.4421 -414.3564 2592.0786 
-362.6305 382.9354 2990.9209 
-121.9910 39.8282 2856.9779 
287.4725 36.5372 2096.0233 
-68.9229 -415.3422 2205.6933 
63.8756 -311.0037 2346.6642 
-312.1925 198.9873 2542.7015 
187.7846 95.7211 2033.8011 
-379.4328 -394.6953 2338.7778 
-345.0421 -148.7667 2516.9812 
489.0985 288.8169 2210.9789 
295.5101 171.9618 2471.1469 
295.7957 66.5148 2754.1125 
26.5446 -241.0449 2993.5339 
460.9922 -72.7692 2813.6357 
-342.1046 -398.6382 2807.3007 
142.9326 192.6730 2354.4494 
328.2905 -380.0857 2455.9364 
201.3883 405.1954 2029.5687 
273.9699 -62.9736 2549.3559 
-69.0589 33.7556 2659.4866 
-332.1620 -188.3856 2824.7304 
199.2754 267.5376 2629.1977 
461.1357 465.9328 2079.5637 
74.5517 211.9493 2219.9222 
188.5101 307.8341 2956.9333 
82.1458 -417.3443 2832.0882 
202.3246 416.7498 2098.9117 
331.0583 -264.4658 2945.1509 
148.0388 -473.7507 2422.0230 
371.9022 -301.3735 2546.3669 
-345.0222 -318.6640 2974.4314 
106.5711 -344.3643 2778.1417 
-86.0051 197.4177 2803.6348 
475.2001 170.9688 2805.0680 
-387.4561 -59.9110 2436.8350 
110.2120 44.9361 2388.4565 
-342.2471 -75.4797 2751.6261 
327.1647 274.1200 2286.0063 
216.1680 352.3828 2699.1821 
-217.7633 -467.4910 2071.0923 
-410.8835 -450.0694 2970.1208 
-384.6660 -104.3930 2622.3474 
-297.6012 -445.3963 2764.7941 
-51.4420 418.9783 2526.3921 
383.4351 34.1981 2517.5861 
-444.9306 -6.8587 2477.3658 
445.9880 158.4638 2764.1324 
-421.5839 471.7751 2398.7763 
319.5197 94.4495 2255.9788 
379.3098 -41.2720 2791.7223 
-269.7143 325.5399 2612.4612 
-204.5103 65.4319 2253.9228 
-210.4731 220.1693 2071.7184 
108.1269 310.2119 2069.7792 
-136.3274 -4.2695 2187.8701 
47.8330 -323.9835 2950.7053 
151.4311 -165.6184 2927.7041 
230.3449 -75.0969 2063.1493 
363.1480 -270.0302 2058.7913 
-362.9889 -436.7872 2549.4648 
-38.0272 -398.7257 2571.8539 
-171.8572 331.5362 2285.6547 
77.3755 295.6826 2341.7418 
495.8965 69.5901 2760.7074 
33.2773 -485.6888 2189.9406 
402.5832 -142.7005 2517.3718 
484.0528 85.9008 2343.9974 
284.3347 -466.6277 2078.1463 
94.2294 346.1816 2532.3634 
-256.5694 -362.3223 2878.0479 
-258.2501 -432.2162 2590.7876 
145.5666 -417.2068 2275.1430 
-225.4011 423.4307 2704.6890 
-214.8259 -281.4360 2612.0616 
285.5393 -99.2282 2481.0740 
466.8238 26.3129 2504.7175 
46.8351 21.0538 2794.0153 
-238.1583 -306.8890 2595.8085 
-497.4063 93.5021 2000.2654 
461.9263 163.2366 2863.7824 
-292.2152 -406.6466 2954.8602 
472.9713 -419.4629 2543.2476 
27.0941 316.0496 2293.1995 
248.7602 -104.7331 2069.9927 
200.7670 210.5176 2732.3011 
-189.0538 473.3217 2744.8117 
272.5748 -118.2977 2184.6434 
181.7855 -52.9739 2457.6343 
190.1904 212.5232 2820.7122 
-212.3563 105.9619 2236.6598 
-418.9909 -409.3287 2823.8090 
264.0179 -493.4286 2450.9208 
9.5593 -208.3968 2474.6159 
49.4771 -391.7783 2198.0738 
164.1911 85.5448 2635.7069 
432.7401 58.5593 2376.5579 
-14.8404 -307.4938 2295.3960 
93.1943 -353.4109 2796.5141 
-411.0386 -283.2178 2296.3422 
223.8965 425.4001 2715.4110 
-353.1771 -83.4304 2096.6251 
111.7952 -151.7788 2229.6424 
97.3368 481.7334 2626.8746 
476.0644 170.8786 2916.9568 
-176.8948 -303.3468 2990.2081 
369.4260 -102.1251 2802.1027 
-263.7517 454.1488 2749.6651 
148.2192 -95.8038 2698.2065 
-35.5356 -123.5350 2322.3352 
257.4989 91.4052 2470.7483 
-95.3776 -325.6172 2068.7329 
303.2600 -261.5355 2043.2845 
-340.0063 284.1980 2441.8164 
-218.4423 -155.3219 2086.7972 
146.5396 237.0195 2296.7659 
435.8370 -0.7664 2828.6396 
378.3763 -403.9171 2710.4997 
-251.4753 398.4741 2882.6154 
-273.2736 -348.9876 2058.1564 
-379.5657 -372.8765 2843.2901 
99.3453 44.6597 2468.3748 
277.5963 -149.8002 2637.4040 
-114.9900 346.2083 2320.2148 
308.8381 -372.9598 2183.5392 
-265.2531 -220.7138 2785.7516 
326.5051 -224.0840 2921.0081 
-423.2443 112.2144 2051.1772 
-314.6944 -182.7818 2288.1803 
-244.7844 20.2945 2496.8709 
-378.1493 190.2529 2546.5932 
417.6492 112.4543 2329.4756 
231.4192 -418.6959 2910.9446 
-83.0469 41.2845 2832.3190 
-228.4188 -365.6658 2719.1774 
443.6227 -159.0093 2763.9174 
301.0832 137.2510 2891.2420 
-62.1205 447.0633 2301.4543 
-234.1495 -466.5191 2319.0439 
-28.6777 445.9631 2351.4132 
-455.0639 237.1349 2999.3521 
330.0096 89.0050 2407.3036 
94.0103 463.3548 2038.3356 
204.0047 -404.9946 2090.8049 
86.6713 373.8980 2105.9725 
-315.8709 234.4286 2329.1625 
41.6298 -89.2111 2755.9811 
-58.9785 176.7745 2119.1027 
-93.7991 454.7120 2391.6268 
394.0949 -406.9006 2130.1847 
49.3977 117.7061 2230.0598 
-44.1750 392.7811 2026.8983 
400.1527 -273.3271 2981.8255 
175.1944 323.1952 2558.9774 
-287.1358 -343.1406 2851.4027 
266.9697 216.7435 2289.6092 
387.6527 -421.7061 2601.1422 
146.5484 -424.3593 2809.5968 
423.6688 -242.2762 2175.8021 
-470.8998 -335.7238 2832.1324 
-277.7049 189.9222 2650.8332 
476.6994 179.7278 2365.5648 
-73.3929 -413.7930 2020.8567 
-132.8014 -188.7447 2672.0872 
-228.5063 -276.2594 2254.5814 
-296.2818 192.6235 2100.2270 
-168.2215 133.9109 2896.4336 
352.6109 -410.7581 2750.2680 
-394.4361 -251.9708 2625.7903 
232.1472 -407.6500 2474.5820 
148.6536 -304.4695 2284.9862 
72.3514 135.0848 2175.0432 
426.0521 -388.8252 2685.1502 
365.7628 225.1029 2957.0258 
470.3619 93.4445 2375.3824 
-370.4639 202.3000 2382.5404 
327.5064 -113.3586 2828.2372 
484.1115 -246.5889 2897.2081 
-176.9203 397.7032 2956.9237 
46.4791 -370.4595 2946.3102 
-349.9332 420.2024 2967.3857 
-158.8854 -110.3855 2055.2264 
-274.9262 464.2866 2405.7373 
142.4907 -54.3587 2321.5839 
-418.7652 -327.0272 2973.0933 
-144.2198 -462.5640 2092.2344 
-259.6609 39.9485 2040.8187 
309.9191 482.6180 2705.8081 
-445.3143 -442.7927 2508.3935 
-17.6117 467.2677 2945.9084 
394.1857 -284.7748 2119.3797 
189.7456 -307.3405 2579.9199 
330.7096 408.7212 2303.8165 
321.1516 388.9159 2624.8376 
205.2964 -339.6503 2224.9807 
-32.3168 -333.0911 2758.2327 
139.5900 480.4359 2236.3708 
174.2681 -147.5565 2386.5419 
343.3765 470.2575 2258.2440 
276.1420 -79.5246 2160.9798 
-455.6045 139.0935 2173.4553 
-378.6448 -285.7976 2655.9274 
-43.4477 253.3528 2809.9854 
58.0982 489.2900 2009.0252 
-427.0182 311.8140 2594.1743 
93.3295 361.0153 2725.8637 
481.4660 209.4063 2585.0062 
51.1514 -79.9583 2438.7712 
-181.8114 -60.2070 2627.9428 
142.7523 -55.3697 2019.4255 
-297.3008 116.5746 2774.0016 
-146.1873 -453.1615 2480.9960 
-70.4710 167.7496 2503.4907 
-12.6728 66.9770 2459.6657 
445.8222 -197.1337 2306.7525 
226.8667 -440.1317 2088.8564 
483.8739 164.7560 2725.3522 
-354.8307 -414.0360 2814.2114 
-470.1406 261.8038 2453.0447 
139.1099 -444.8342 2575.1563 
356.3548 -303.4207 2472.9277 
-341.2017 -164.9164 2975.2031 
484.9146 -115.5894 2257.2363 
192.5031 8.1729 2525.0328 
476.6155 48.7275 2598.4715 
-499.9414 -198.0894 2275.8233 
447.0414 256.3800 2086.4106 
272.5641 265.7118 2570.0870 
-183.3506 -493.6726 2488.6010 
419.2851 -304.5757 2999.2641 
-94.6054 55.8660 2334.1038 
-405.8523 377.5872 2892.5194 
-254.7187 33.3741 2808.0458 
-361.0964 393.1948 2345.2128 
-231.3675 -114.7009 2072.8780 
-155.3958 -463.2024 2576.6922 
16.2118 429.4617 2657.0433 
-398.4363 -377.3616 2549.8797 
-471.5586 5.7727 2210.1387 
-20.6612 166.7593 2709.8391 
-164.7119 -171.0771 2748.1546 
-171.2232 57.7195 2571.1920 
243.0680 420.3344 2806.6219 
-102.1664 90.0470 2417.7803 
-11.4386 -371.6412 2018.7238 
159.8369 417.0936 2335.4854 
357.1433 148.6092 2635.1840 
-44.9896 291.0721 2754.5442 
389.8674 -318.3327 2534.1001 
21.5607 -284.9820 2610.3065 
425.7736 128.2387 2034.4507 
292.2858 442.8260 2602.8121 
-461.3052 147.1287 2864.3546 
-203.3730 -458.3310 2804.9738 
-488.9648 -216.6652 2670.0207 
379.5494 13.8470 2729.8965 
-77.0971 -398.0736 2510.9092 
-69.7653 -112.4446 2007.0169 
223.3759 270.6579 2613.2412 
-308.6895 13.7268 2236.2523 
292.8884 -138.4283 2548.1892 
-395.9183 434.4928 2074.1536 
196.7375 -170.3393 2194.2971 
232.3988 344.3532 2889.3968 
-205.2662 314.0306 2217.8467 
-294.2612 -82.7683 2267.0273 
32.9394 232.7975 2757.3773 
-463.8686 23.2144 2722.7795 
-126.0997 412.0273 2143.6228 
-172.7386 -472.3378 2545.4886 
197.1631 44.8808 2326.0274 
235.1072 187.1338 2657.2401 
-67.3226 -258.1474 2787.6864 
367.0835 -18.4378 2382.4075 
-323.6233 -433.2151 2321.4816 
-71.4547 378.6910 2148.1271 
-266.5037 58.6207 2331.7556 
-59.4005 286.4805 2337.2531 
-293.0007 393.8657 2839.6996 
291.0811 -436.4910 2581.2827 
237.2104 490.6389 2581.8299 
-115.9095 129.4434 2406.7198 
-210.9960 -412.8407 2858.0575 
-397.8083 -99.8134 2688.8642 
448.5057 26.9259 2848.0441 
-354.7808 -404.9139 2472.7834 
-242.9036 -100.4737 2987.9579 
453.7258 268.5256 2607.0016 
-84.2423 321.6743 2118.1438 
479.2470 -26.2524 2815.9739 
-221.6524 -41.5038 2961.1577 
-324.6123 -288.1974 2338.5182 
64.0315 -138.9593 2545.8309 
457.9210 229.4209 2088.3134 
-278.7737 187.1367 2439.2160 
-76.7292 -19.7432 2188.3717 
206.8532 34.2487 2473.2107 
147.4280 344.3948 2658.9317 
48.6419 -438.9899 2497.7464 
-199.8125 -143.6285 2946.9219 
287.3650 -455.3196 2994.3388 
-458.8526 134.4825 2309.0420 
152.2735 322.3255 2937.7218 
-67.4919 -260.5546 2372.8607 
485.2591 -207.8910 2651.9492 
-373.3739 -260.4502 2160.3011 
18.4127 -207.3841 2918.2320 
19.3593 -252.8121 2171.4577 
-438.5832 399.4499 2818.2333 
140.1406 -343.4337 2561.7826 
472.7453 109.7329 2641.4941 
105.0670 60.8297 2269.4463 
-344.6249 133.4163 2730.9139 
-3.3486 66.1400 2993.8738 
334.2537 42.2561 2070.7432 
9.3778 -15.5723 2011.2265 
23.0520 -365.7033 2477.8022 
98.4416 308.2290 2606.8634 
-160.3277 -180.0389 2922.8415 
-12.3489 493.1972 2351.8015 
-433.6934 -5.1363 2140.2479 
132.2512 -55.6051 2131.9332 
294.1284 -217.0535 2483.0054 
-404.9370 -245.0035 2619.9288 
-292.4849 -212.2241 2220.1540 
73.7729 -354.0657 2940.0901 
343.9137 -283.4861 2430.1511 
-359.1190 77.1560 2146.1921 
-89.9885 -92.3896 2967.7322 
-124.1131 57.8587 2055.8086 
-197.3901 357.0504 2757.0180 
66.6358 224.3611 2670.3031 
-32.3067 -329.9066 2305.9706 
7.5588 -415.8952 2275.5071 
-486.7418 35.1218 2260.7616 
-425.5577 -7.5901 2775.6552 
248.9325 300.0812 2503.5008 
-248.2372 -172.1160 2153.5928 
-428.7444 303.6088 2629.3915 
436.2069 281.7991 2467.5731 
425.0900 -166.7919 2550.4771 
113.0773 70.9656 2477.3406 
345.0629 -298.0251 2839.5165 
190.8795 -403.0438 2456.8866 
479.4819 112.4359 2961.2854 
282.2475 215.5919 2769.9939 
-444.7860 314.8138 2838.6712 
263.2115 261.3011 2292.6933 
442.5183 243.3589 2205.2883 
-401.8469 331.4621 2768.8034 
-331.9549 301.8481 2374.0213 
-374.2115 -400.2862 2283.0755 
-283.1419 -284.7610 2746.9639 
266.3775 -133.6374 2250.3005 
-492.1254 -31.3880 2431.8069 
323.0678 -192.7063 2478.9824 
-153.7993 201.9997 2257.7562 
212.1638 241.3936 2505.3147 
-26.7624 -31.2422 2875.0418 
-233.9819 463.5112 2220.4734 
-319.4951 201.1129 2423.7286 
306.1930 -275.3474 2073.9866 
54.7448 201.5860 2183.5026 
137.2443 -8.7269 2771.4952 
481.9558 10.7372 2869.7039 
-67.0286 473.2953 2206.5086 
-66.4977 -111.9015 2859.2023 
232.8690 239.3707 2867.2185 
-113.8260 261.4861 2259.3308 
300.6497 -206.2224 2378.6608 
-276.3302 133.1994 2501.3142 
-475.0620 495.0914 2213.5455 
225.5310 -348.2640 2424.0451 
-60.4232 -0.9380 2961.7950 
215.7351 444.2976 2173.8399 
-239.0520 -410.7616 2079.8598 
-40.7366 -410.3003 2210.3906 
422.0460 348.6380 2920.4816 
125.7383 -348.9538 2667.6897 
49.0666 -120.3208 2300.2718 
161.4139 -432.3236 2035.8041 
-170.7331 -24.9342 2912.9912 
-257.2473 -49.3719 2819.1512 
-418.9176 46.2369 2547.3016 
-33.1064 338.9277 2197.3501 
203.6343 142.3677 2382.1840 
-108.6088 -320.6675 2664.4488 
-138.6629 -498.1459 2947.1686 
-490.9973 -312.2976 2100.3895 
-390.6286 -117.8082 2918.7304 
-255.6741 165.7295 2982.0103 
-495.2769 330.7232 2521.8747 
-472.6041 360.8981 2941.6267 
208.5634 -267.2590 2007.6635 
272.8293 -33.2358 2090.0637 
278.8192 -70.0392 2899.1809 
-289.2499 -442.3793 2882.0672 
464.4895 263.9814 2500.2533 
-269.1654 58.4897 2455.2617 
102.1149 -395.9716 2743.3321 
-342.1207 -438.1431 2156.2750 
24.3663 -97.7322 2324.6887 
264.9322 170.8543 2544.4864 
-465.7367 -135.5859 2075.5609 
36.9987 482.2088 2042.3608 
179.8427 160.6402 2708.0644 
-259.9542 -371.1178 2069.2791 
488.7038 -481.4926 2019.7350 
-218.4073 -449.2905 2870.7579 
-193.1421 -121.7210 2432.3136 
304.9829 -291.4450 2371.7977 
-416.1817 462.3555 2959.6991 
199.8911 -266.7613 2989.1897 
334.3665 -358.2690 2245.0066 
386.4240 453.5426 2372.8845 
-170.8281 443.0827 2135.6713 
86.4093 417.8164 2068.8286 
-44.0481 90.7561 2298.2761 
-237.7899 -110.9719 2483.1023 
-413.2524 139.6263 2128.7451 
301.9501 414.2052 2932.0643 
105.0687 350.0326 2687.6327 
-146.2102 -123.2520 2916.1972 
496.8383 50.8210 2994.2434 
-145.9053 -331.8047 2843.6649 
-418.6427 400.4240 2381.1021 
305.8861 120.8319 2850.3915 
215.9252 384.0133 2892.3474 
489.0702 139.8268 2062.1462 
-246.3358 169.9713 2437.5984 
59.7736 121.2146 2623.3177 
-75.3019 -375.8663 2870.2273 
-135.3646 -285.9546 2749.1593 
-498.3940 -107.2143 2127.5364 
57.2299 73.6987 2895.8354 
-58.4403 237.1078 2132.4873 
398.5612 -111.5374 2982.0618 
171.2278 45.0481 2172.0062 
80.0232 93.4147 2629.8871 
186.7686 -445.1382 2813.8999 
423.1642 169.5081 2321.3818 
-435.5936 241.9490 2475.1153 
31.1692 -4.5004 2649.1455 
-140.9766 313.8422 2074.3530 
342.2124 -329.8951 2495.6967 
-242.1046 420.0784 2680.1010 
-256.7970 208.7643 2517.3784 
141.5182 288.8533 2541.9728 
111.6082 -150.5861 2949.3212 
136.8046 455.5083 2075.2645 
413.2498 6.0234 2964.1977 
217.1991 472.4864 2679.9191 
155.6440 -428.0868 2723.6637 
-257.6628 -270.4038 2219.8206 
341.8692 -37.2121 2673.2322 
-82.8596 366.0985 2913.0018 
494.7966 -320.3033 2572.3057 
-31.0502 6.0567 2762.6700 
127.4851 -220.4108 2584.8191 
151.6090 233.4668 2003.8281 
-121.1992 -123.6988 2277.8089 
-376.1112 -107.2917 2539.5471 
429.8599 68.1407 2850.7424 
-186.2286 -112.1863 2090.7404 
-76.5499 231.8078 2683.3859 
344.2056 198.3786 2314.3745 
36.0078 398.8466 2941.4945 
16.8233 -487.1756 2059.0134 
-335.8143 60.1255 2149.3734 
-165.6216 106.0240 2851.8411 
168.4675 183.1155 2052.2385 
91.1565 181.3022 2743.4588 
188.6236 -405.3262 2921.1008 
-295.5811 364.4089 2711.2633 
-410.8138 173.7278 2056.8441 
-368.5010 -273.0745 2049.0829 
470.1767 231.5921 2070.4414 
-263.1960 -207.2802 2305.1294 
-301.3681 485.5945 2026.7854 
-302.8396 -421.9964 2235.4576 
335.2932 279.7939 2480.5730 
301.9163 -248.8534 2305.9118 
217.5431 345.5938 2128.3162 
-227.0534 -231.9830 2162.2137 
-456.1972 440.9317 2324.9988 
395.0745 -101.7262 2722.7226 
39.5969 -390.7150 2018.0700 
352.8474 -87.0623 2010.6941 
-113.9593 -131.1249 2188.0502 
-133.1925 342.1409 2589.4767 
-305.4791 -3.6910 2248.3628 
176.2947 300.6079 2452.5048 
307.0895 -326.5775 2878.0106 
72.7740 341.0144 2234.4595 
488.6020 260.4989 2492.8764 
173.1112 -268.0129 2462.8876 
386.6436 -444.5622 2770.6863 
26.6101 249.0608 2815.9589 
-365.8771 -348.0817 2350.6874 
-420.9089 -7.3382 2328.0526 
-75.0446 18.1557 2375.2880 
374.0816 -402.8592 2448.3316 
-301.8800 426.0479 2522.0266 
-169.2390 -291.8550 2913.3246 
447.4619 192.9453 2340.9477 
483.1775 -484.4617 2005.2608 
23.2064 302.4310 2851.9662 
-474.7643 -11.9426 2089.9536 
486.5626 14.0626 2157.3903 
449.5771 461.8342 2002.3866 
397.5951 -5.3738 2844.8409 
-175.8256 152.8414 2856.1924 
204.3778 -55.6620 2174.2829 
-335.2410 -231.8255 2484.2938 
-125.7344 465.0691 2940.4074 
-336.5351 433.2581 2945.8548 
309.7442 298.7950 2120.3961 
-451.7626 -61.4204 2116.1641 
58.7582 158.2820 2496.0088 
-271.3022 464.6578 2806.5380 
-41.7443 19.2609 2377.9741 
-422.2315 233.7161 2265.2736 
-467.1010 179.5918 2062.5383 
-105.4476 -73.6912 2440.2529 
347.4059 -374.2376 2854.4093 
212.2669 456.4500 2964.8398 
74.2303 -453.3099 2827.5449 
33.7053 294.6634 2623.6054 
-354.6408 441.9216 2722.8435 
-108.1218 188.9874 2751.5593 
44.0812 303.4873 2350.7189 
400.8921 -435.2881 2211.6628 
-33.3596 -185.4593 2567.9941 
-350.7407 417.8754 2650.1956 
82.2727 -417.2816 2078.9074 
-498.1485 364.6003 2485.3855 
-170.3513 -105.5659 2962.8825 
-359.5168 378.5550 2664.0483 
-495.5165 -374.0118 2607.9172 
405.4246 212.9879 2630.4214 
32.0305 394.7535 2246.0872 
226.4096 298.1686 2607.3599 
94.1569 -175.1257 2213.8118 
-256.0505 32.3141 2266.5590 
227.6831 -287.1236 2593.9517 
54.5031 -220.3174 2449.5843 
263.8806 308.2646 2704.8748 
-169.8314 -273.8768 2647.8019 
